Column	Row	Geometry	Frequency
0	0	POLYGON ((-180.0 -89.9678409,-157.5 -89.9678409,-157.5 -79.12122989375,-180.0 -79.12122989375,-180.0 -89.9678409))	4
1	0	POLYGON ((-157.5 -89.9678409,-135.0 -89.9678409,-135.0 -79.12122989375,-157.5 -79.12122989375,-157.5 -89.9678409))	1
2	0	POLYGON ((-135.0 -89.9678409,-112.5 -89.9678409,-112.5 -79.12122989375,-135.0 -79.12122989375,-135.0 -89.9678409))	1
3	0	POLYGON ((-112.5 -89.9678409,-90.0 -89.9678409,-90.0 -79.12122989375,-112.5 -79.12122989375,-112.5 -89.9678409))	0
4	0	POLYGON ((-90.0 -89.9678409,-67.5 -89.9678409,-67.5 -79.12122989375,-90.0 -79.12122989375,-90.0 -89.9678409))	3
5	0	POLYGON ((-67.5 -89.9678409,-44.999999999999986 -89.9678409,-44.999999999999986 -79.12122989375,-67.5 -79.12122989375,-67.5 -89.9678409))	3
6	0	POLYGON ((-44.999999999999986 -89.9678409,-22.499999999999986 -89.9678409,-22.499999999999986 -79.12122989375,-44.999999999999986 -79.12122989375,-44.999999999999986 -89.9678409))	2
7	0	POLYGON ((-22.499999999999986 -89.9678409,1.4210854715202004E-14 -89.9678409,1.4210854715202004E-14 -79.12122989375,-22.499999999999986 -79.12122989375,-22.499999999999986 -89.9678409))	0
8	0	POLYGON ((1.4210854715202004E-14 -89.9678409,22.500000000000014 -89.9678409,22.500000000000014 -79.12122989375,1.4210854715202004E-14 -79.12122989375,1.4210854715202004E-14 -89.9678409))	0
9	0	POLYGON ((22.500000000000014 -89.9678409,45.000000000000014 -89.9678409,45.000000000000014 -79.12122989375,22.500000000000014 -79.12122989375,22.500000000000014 -89.9678409))	0
10	0	POLYGON ((45.000000000000014 -89.9678409,67.50000000000001 -89.9678409,67.50000000000001 -79.12122989375,45.000000000000014 -79.12122989375,45.000000000000014 -89.9678409))	0
11	0	POLYGON ((67.50000000000001 -89.9678409,90.00000000000003 -89.9678409,90.00000000000003 -79.12122989375,67.50000000000001 -79.12122989375,67.50000000000001 -89.9678409))	0
12	0	POLYGON ((90.00000000000003 -89.9678409,112.50000000000003 -89.9678409,112.50000000000003 -79.12122989375,90.00000000000003 -79.12122989375,90.00000000000003 -89.9678409))	0
13	0	POLYGON ((112.50000000000003 -89.9678409,135.00000000000003 -89.9678409,135.00000000000003 -79.12122989375,112.50000000000003 -79.12122989375,112.50000000000003 -89.9678409))	0
14	0	POLYGON ((135.00000000000003 -89.9678409,157.50000000000003 -89.9678409,157.50000000000003 -79.12122989375,135.00000000000003 -79.12122989375,135.00000000000003 -89.9678409))	2
15	0	POLYGON ((157.50000000000003 -89.9678409,180.00000000000003 -89.9678409,180.00000000000003 -79.12122989375,157.50000000000003 -79.12122989375,157.50000000000003 -89.9678409))	29
0	1	POLYGON ((-180.0 -79.12122989375,-157.5 -79.12122989375,-157.5 -68.2746188875,-180.0 -68.2746188875,-180.0 -79.12122989375))	3
1	1	POLYGON ((-157.5 -79.12122989375,-135.0 -79.12122989375,-135.0 -68.2746188875,-157.5 -68.2746188875,-157.5 -79.12122989375))	34
2	1	POLYGON ((-135.0 -79.12122989375,-112.5 -79.12122989375,-112.5 -68.2746188875,-135.0 -68.2746188875,-135.0 -79.12122989375))	25
3	1	POLYGON ((-112.5 -79.12122989375,-90.0 -79.12122989375,-90.0 -68.2746188875,-112.5 -68.2746188875,-112.5 -79.12122989375))	110
4	1	POLYGON ((-90.0 -79.12122989375,-67.5 -79.12122989375,-67.5 -68.2746188875,-90.0 -68.2746188875,-90.0 -79.12122989375))	79
5	1	POLYGON ((-67.5 -79.12122989375,-44.999999999999986 -79.12122989375,-44.999999999999986 -68.2746188875,-67.5 -68.2746188875,-67.5 -79.12122989375))	23
6	1	POLYGON ((-44.999999999999986 -79.12122989375,-22.499999999999986 -79.12122989375,-22.499999999999986 -68.2746188875,-44.999999999999986 -68.2746188875,-44.999999999999986 -79.12122989375))	17
7	1	POLYGON ((-22.499999999999986 -79.12122989375,1.4210854715202004E-14 -79.12122989375,1.4210854715202004E-14 -68.2746188875,-22.499999999999986 -68.2746188875,-22.499999999999986 -79.12122989375))	13
8	1	POLYGON ((1.4210854715202004E-14 -79.12122989375,22.500000000000014 -79.12122989375,22.500000000000014 -68.2746188875,1.4210854715202004E-14 -68.2746188875,1.4210854715202004E-14 -79.12122989375))	37
9	1	POLYGON ((22.500000000000014 -79.12122989375,45.000000000000014 -79.12122989375,45.000000000000014 -68.2746188875,22.500000000000014 -68.2746188875,22.500000000000014 -79.12122989375))	171
10	1	POLYGON ((45.000000000000014 -79.12122989375,67.50000000000001 -79.12122989375,67.50000000000001 -68.2746188875,45.000000000000014 -68.2746188875,45.000000000000014 -79.12122989375))	0
11	1	POLYGON ((67.50000000000001 -79.12122989375,90.00000000000003 -79.12122989375,90.00000000000003 -68.2746188875,67.50000000000001 -68.2746188875,67.50000000000001 -79.12122989375))	1978
12	1	POLYGON ((90.00000000000003 -79.12122989375,112.50000000000003 -79.12122989375,112.50000000000003 -68.2746188875,90.00000000000003 -68.2746188875,90.00000000000003 -79.12122989375))	0
13	1	POLYGON ((112.50000000000003 -79.12122989375,135.00000000000003 -79.12122989375,135.00000000000003 -68.2746188875,112.50000000000003 -68.2746188875,112.50000000000003 -79.12122989375))	0
14	1	POLYGON ((135.00000000000003 -79.12122989375,157.50000000000003 -79.12122989375,157.50000000000003 -68.2746188875,135.00000000000003 -68.2746188875,135.00000000000003 -79.12122989375))	11
15	1	POLYGON ((157.50000000000003 -79.12122989375,180.00000000000003 -79.12122989375,180.00000000000003 -68.2746188875,157.50000000000003 -68.2746188875,157.50000000000003 -79.12122989375))	468
0	2	POLYGON ((-180.0 -68.2746188875,-157.5 -68.2746188875,-157.5 -57.42800788125,-180.0 -57.42800788125,-180.0 -68.2746188875))	10
1	2	POLYGON ((-157.5 -68.2746188875,-135.0 -68.2746188875,-135.0 -57.42800788125,-157.5 -57.42800788125,-157.5 -68.2746188875))	0
2	2	POLYGON ((-135.0 -68.2746188875,-112.5 -68.2746188875,-112.5 -57.42800788125,-135.0 -57.42800788125,-135.0 -68.2746188875))	0
3	2	POLYGON ((-112.5 -68.2746188875,-90.0 -68.2746188875,-90.0 -57.42800788125,-112.5 -57.42800788125,-112.5 -68.2746188875))	0
4	2	POLYGON ((-90.0 -68.2746188875,-67.5 -68.2746188875,-67.5 -57.42800788125,-90.0 -57.42800788125,-90.0 -68.2746188875))	238
5	2	POLYGON ((-67.5 -68.2746188875,-44.999999999999986 -68.2746188875,-44.999999999999986 -57.42800788125,-67.5 -57.42800788125,-67.5 -68.2746188875))	2192
6	2	POLYGON ((-44.999999999999986 -68.2746188875,-22.499999999999986 -68.2746188875,-22.499999999999986 -57.42800788125,-44.999999999999986 -57.42800788125,-44.999999999999986 -68.2746188875))	41
7	2	POLYGON ((-22.499999999999986 -68.2746188875,1.4210854715202004E-14 -68.2746188875,1.4210854715202004E-14 -57.42800788125,-22.499999999999986 -57.42800788125,-22.499999999999986 -68.2746188875))	0
8	2	POLYGON ((1.4210854715202004E-14 -68.2746188875,22.500000000000014 -68.2746188875,22.500000000000014 -57.42800788125,1.4210854715202004E-14 -57.42800788125,1.4210854715202004E-14 -68.2746188875))	0
9	2	POLYGON ((22.500000000000014 -68.2746188875,45.000000000000014 -68.2746188875,45.000000000000014 -57.42800788125,22.500000000000014 -57.42800788125,22.500000000000014 -68.2746188875))	42
10	2	POLYGON ((45.000000000000014 -68.2746188875,67.50000000000001 -68.2746188875,67.50000000000001 -57.42800788125,45.000000000000014 -57.42800788125,45.000000000000014 -68.2746188875))	566
11	2	POLYGON ((67.50000000000001 -68.2746188875,90.00000000000003 -68.2746188875,90.00000000000003 -57.42800788125,67.50000000000001 -57.42800788125,67.50000000000001 -68.2746188875))	6
12	2	POLYGON ((90.00000000000003 -68.2746188875,112.50000000000003 -68.2746188875,112.50000000000003 -57.42800788125,90.00000000000003 -57.42800788125,90.00000000000003 -68.2746188875))	220
13	2	POLYGON ((112.50000000000003 -68.2746188875,135.00000000000003 -68.2746188875,135.00000000000003 -57.42800788125,112.50000000000003 -57.42800788125,112.50000000000003 -68.2746188875))	25
14	2	POLYGON ((135.00000000000003 -68.2746188875,157.50000000000003 -68.2746188875,157.50000000000003 -57.42800788125,135.00000000000003 -57.42800788125,135.00000000000003 -68.2746188875))	74
15	2	POLYGON ((157.50000000000003 -68.2746188875,180.00000000000003 -68.2746188875,180.00000000000003 -57.42800788125,157.50000000000003 -57.42800788125,157.50000000000003 -68.2746188875))	20
0	3	POLYGON ((-180.0 -57.42800788125,-157.5 -57.42800788125,-157.5 -46.581396874999996,-180.0 -46.581396874999996,-180.0 -57.42800788125))	0
1	3	POLYGON ((-157.5 -57.42800788125,-135.0 -57.42800788125,-135.0 -46.581396874999996,-157.5 -46.581396874999996,-157.5 -57.42800788125))	0
2	3	POLYGON ((-135.0 -57.42800788125,-112.5 -57.42800788125,-112.5 -46.581396874999996,-135.0 -46.581396874999996,-135.0 -57.42800788125))	0
3	3	POLYGON ((-112.5 -57.42800788125,-90.0 -57.42800788125,-90.0 -46.581396874999996,-112.5 -46.581396874999996,-112.5 -57.42800788125))	0
4	3	POLYGON ((-90.0 -57.42800788125,-67.5 -57.42800788125,-67.5 -46.581396874999996,-90.0 -46.581396874999996,-90.0 -57.42800788125))	6920
5	3	POLYGON ((-67.5 -57.42800788125,-44.999999999999986 -57.42800788125,-44.999999999999986 -46.581396874999996,-67.5 -46.581396874999996,-67.5 -57.42800788125))	694
6	3	POLYGON ((-44.999999999999986 -57.42800788125,-22.499999999999986 -57.42800788125,-22.499999999999986 -46.581396874999996,-44.999999999999986 -46.581396874999996,-44.999999999999986 -57.42800788125))	45
7	3	POLYGON ((-22.499999999999986 -57.42800788125,1.4210854715202004E-14 -57.42800788125,1.4210854715202004E-14 -46.581396874999996,-22.499999999999986 -46.581396874999996,-22.499999999999986 -57.42800788125))	0
8	3	POLYGON ((1.4210854715202004E-14 -57.42800788125,22.500000000000014 -57.42800788125,22.500000000000014 -46.581396874999996,1.4210854715202004E-14 -46.581396874999996,1.4210854715202004E-14 -57.42800788125))	1
9	3	POLYGON ((22.500000000000014 -57.42800788125,45.000000000000014 -57.42800788125,45.000000000000014 -46.581396874999996,22.500000000000014 -46.581396874999996,22.500000000000014 -57.42800788125))	12
10	3	POLYGON ((45.000000000000014 -57.42800788125,67.50000000000001 -57.42800788125,67.50000000000001 -46.581396874999996,45.000000000000014 -46.581396874999996,45.000000000000014 -57.42800788125))	0
11	3	POLYGON ((67.50000000000001 -57.42800788125,90.00000000000003 -57.42800788125,90.00000000000003 -46.581396874999996,67.50000000000001 -46.581396874999996,67.50000000000001 -57.42800788125))	118
12	3	POLYGON ((90.00000000000003 -57.42800788125,112.50000000000003 -57.42800788125,112.50000000000003 -46.581396874999996,90.00000000000003 -46.581396874999996,90.00000000000003 -57.42800788125))	0
13	3	POLYGON ((112.50000000000003 -57.42800788125,135.00000000000003 -57.42800788125,135.00000000000003 -46.581396874999996,112.50000000000003 -46.581396874999996,112.50000000000003 -57.42800788125))	0
14	3	POLYGON ((135.00000000000003 -57.42800788125,157.50000000000003 -57.42800788125,157.50000000000003 -46.581396874999996,135.00000000000003 -46.581396874999996,135.00000000000003 -57.42800788125))	0
15	3	POLYGON ((157.50000000000003 -57.42800788125,180.00000000000003 -57.42800788125,180.00000000000003 -46.581396874999996,157.50000000000003 -46.581396874999996,157.50000000000003 -57.42800788125))	795
0	4	POLYGON ((-180.0 -46.581396874999996,-157.5 -46.581396874999996,-157.5 -35.734785868749995,-180.0 -35.734785868749995,-180.0 -46.581396874999996))	322
1	4	POLYGON ((-157.5 -46.581396874999996,-135.0 -46.581396874999996,-135.0 -35.734785868749995,-157.5 -35.734785868749995,-157.5 -46.581396874999996))	0
2	4	POLYGON ((-135.0 -46.581396874999996,-112.5 -46.581396874999996,-112.5 -35.734785868749995,-135.0 -35.734785868749995,-135.0 -46.581396874999996))	0
3	4	POLYGON ((-112.5 -46.581396874999996,-90.0 -46.581396874999996,-90.0 -35.734785868749995,-112.5 -35.734785868749995,-112.5 -46.581396874999996))	0
4	4	POLYGON ((-90.0 -46.581396874999996,-67.5 -46.581396874999996,-67.5 -35.734785868749995,-90.0 -35.734785868749995,-90.0 -46.581396874999996))	2158
5	4	POLYGON ((-67.5 -46.581396874999996,-44.999999999999986 -46.581396874999996,-44.999999999999986 -35.734785868749995,-67.5 -35.734785868749995,-67.5 -46.581396874999996))	891
6	4	POLYGON ((-44.999999999999986 -46.581396874999996,-22.499999999999986 -46.581396874999996,-22.499999999999986 -35.734785868749995,-44.999999999999986 -35.734785868749995,-44.999999999999986 -46.581396874999996))	0
7	4	POLYGON ((-22.499999999999986 -46.581396874999996,1.4210854715202004E-14 -46.581396874999996,1.4210854715202004E-14 -35.734785868749995,-22.499999999999986 -35.734785868749995,-22.499999999999986 -46.581396874999996))	1
8	4	POLYGON ((1.4210854715202004E-14 -46.581396874999996,22.500000000000014 -46.581396874999996,22.500000000000014 -35.734785868749995,1.4210854715202004E-14 -35.734785868749995,1.4210854715202004E-14 -46.581396874999996))	0
9	4	POLYGON ((22.500000000000014 -46.581396874999996,45.000000000000014 -46.581396874999996,45.000000000000014 -35.734785868749995,22.500000000000014 -35.734785868749995,22.500000000000014 -46.581396874999996))	0
10	4	POLYGON ((45.000000000000014 -46.581396874999996,67.50000000000001 -46.581396874999996,67.50000000000001 -35.734785868749995,45.000000000000014 -35.734785868749995,45.000000000000014 -46.581396874999996))	51
11	4	POLYGON ((67.50000000000001 -46.581396874999996,90.00000000000003 -46.581396874999996,90.00000000000003 -35.734785868749995,67.50000000000001 -35.734785868749995,67.50000000000001 -46.581396874999996))	0
12	4	POLYGON ((90.00000000000003 -46.581396874999996,112.50000000000003 -46.581396874999996,112.50000000000003 -35.734785868749995,90.00000000000003 -35.734785868749995,90.00000000000003 -46.581396874999996))	0
13	4	POLYGON ((112.50000000000003 -46.581396874999996,135.00000000000003 -46.581396874999996,135.00000000000003 -35.734785868749995,112.50000000000003 -35.734785868749995,112.50000000000003 -46.581396874999996))	0
14	4	POLYGON ((135.00000000000003 -46.581396874999996,157.50000000000003 -46.581396874999996,157.50000000000003 -35.734785868749995,135.00000000000003 -35.734785868749995,135.00000000000003 -46.581396874999996))	6876
15	4	POLYGON ((157.50000000000003 -46.581396874999996,180.00000000000003 -46.581396874999996,180.00000000000003 -35.734785868749995,157.50000000000003 -35.734785868749995,157.50000000000003 -46.581396874999996))	7059
0	5	POLYGON ((-180.0 -35.734785868749995,-157.5 -35.734785868749995,-157.5 -24.888174862499994,-180.0 -24.888174862499994,-180.0 -35.734785868749995))	47
1	5	POLYGON ((-157.5 -35.734785868749995,-135.0 -35.734785868749995,-135.0 -24.888174862499994,-157.5 -24.888174862499994,-157.5 -35.734785868749995))	5
2	5	POLYGON ((-135.0 -35.734785868749995,-112.5 -35.734785868749995,-112.5 -24.888174862499994,-135.0 -24.888174862499994,-135.0 -35.734785868749995))	5
3	5	POLYGON ((-112.5 -35.734785868749995,-90.0 -35.734785868749995,-90.0 -24.888174862499994,-112.5 -24.888174862499994,-112.5 -35.734785868749995))	5
4	5	POLYGON ((-90.0 -35.734785868749995,-67.5 -35.734785868749995,-67.5 -24.888174862499994,-90.0 -24.888174862499994,-90.0 -35.734785868749995))	567
5	5	POLYGON ((-67.5 -35.734785868749995,-44.999999999999986 -35.734785868749995,-44.999999999999986 -24.888174862499994,-67.5 -24.888174862499994,-67.5 -35.734785868749995))	5047
6	5	POLYGON ((-44.999999999999986 -35.734785868749995,-22.499999999999986 -35.734785868749995,-22.499999999999986 -24.888174862499994,-44.999999999999986 -24.888174862499994,-44.999999999999986 -35.734785868749995))	0
7	5	POLYGON ((-22.499999999999986 -35.734785868749995,1.4210854715202004E-14 -35.734785868749995,1.4210854715202004E-14 -24.888174862499994,-22.499999999999986 -24.888174862499994,-22.499999999999986 -35.734785868749995))	0
8	5	POLYGON ((1.4210854715202004E-14 -35.734785868749995,22.500000000000014 -35.734785868749995,22.500000000000014 -24.888174862499994,1.4210854715202004E-14 -24.888174862499994,1.4210854715202004E-14 -35.734785868749995))	621
9	5	POLYGON ((22.500000000000014 -35.734785868749995,45.000000000000014 -35.734785868749995,45.000000000000014 -24.888174862499994,22.500000000000014 -24.888174862499994,22.500000000000014 -35.734785868749995))	2326
10	5	POLYGON ((45.000000000000014 -35.734785868749995,67.50000000000001 -35.734785868749995,67.50000000000001 -24.888174862499994,45.000000000000014 -24.888174862499994,45.000000000000014 -35.734785868749995))	84
11	5	POLYGON ((67.50000000000001 -35.734785868749995,90.00000000000003 -35.734785868749995,90.00000000000003 -24.888174862499994,67.50000000000001 -24.888174862499994,67.50000000000001 -35.734785868749995))	0
12	5	POLYGON ((90.00000000000003 -35.734785868749995,112.50000000000003 -35.734785868749995,112.50000000000003 -24.888174862499994,90.00000000000003 -24.888174862499994,90.00000000000003 -35.734785868749995))	0
13	5	POLYGON ((112.50000000000003 -35.734785868749995,135.00000000000003 -35.734785868749995,135.00000000000003 -24.888174862499994,112.50000000000003 -24.888174862499994,112.50000000000003 -35.734785868749995))	2572
14	5	POLYGON ((135.00000000000003 -35.734785868749995,157.50000000000003 -35.734785868749995,157.50000000000003 -24.888174862499994,135.00000000000003 -24.888174862499994,135.00000000000003 -35.734785868749995))	3360
15	5	POLYGON ((157.50000000000003 -35.734785868749995,180.00000000000003 -35.734785868749995,180.00000000000003 -24.888174862499994,157.50000000000003 -24.888174862499994,157.50000000000003 -35.734785868749995))	915
0	6	POLYGON ((-180.0 -24.888174862499994,-157.5 -24.888174862499994,-157.5 -14.041563856249994,-180.0 -14.041563856249994,-180.0 -24.888174862499994))	214
1	6	POLYGON ((-157.5 -24.888174862499994,-135.0 -24.888174862499994,-135.0 -14.041563856249994,-157.5 -14.041563856249994,-157.5 -24.888174862499994))	939
2	6	POLYGON ((-135.0 -24.888174862499994,-112.5 -24.888174862499994,-112.5 -14.041563856249994,-135.0 -14.041563856249994,-135.0 -24.888174862499994))	19
3	6	POLYGON ((-112.5 -24.888174862499994,-90.0 -24.888174862499994,-90.0 -14.041563856249994,-112.5 -14.041563856249994,-112.5 -24.888174862499994))	0
4	6	POLYGON ((-90.0 -24.888174862499994,-67.5 -24.888174862499994,-67.5 -14.041563856249994,-90.0 -14.041563856249994,-90.0 -24.888174862499994))	681
5	6	POLYGON ((-67.5 -24.888174862499994,-44.999999999999986 -24.888174862499994,-44.999999999999986 -14.041563856249994,-67.5 -14.041563856249994,-67.5 -24.888174862499994))	7148
6	6	POLYGON ((-44.999999999999986 -24.888174862499994,-22.499999999999986 -24.888174862499994,-22.499999999999986 -14.041563856249994,-44.999999999999986 -14.041563856249994,-44.999999999999986 -24.888174862499994))	1802
7	6	POLYGON ((-22.499999999999986 -24.888174862499994,1.4210854715202004E-14 -24.888174862499994,1.4210854715202004E-14 -14.041563856249994,-22.499999999999986 -14.041563856249994,-22.499999999999986 -24.888174862499994))	1
8	6	POLYGON ((1.4210854715202004E-14 -24.888174862499994,22.500000000000014 -24.888174862499994,22.500000000000014 -14.041563856249994,1.4210854715202004E-14 -14.041563856249994,1.4210854715202004E-14 -24.888174862499994))	453
9	6	POLYGON ((22.500000000000014 -24.888174862499994,45.000000000000014 -24.888174862499994,45.000000000000014 -14.041563856249994,22.500000000000014 -14.041563856249994,22.500000000000014 -24.888174862499994))	2756
10	6	POLYGON ((45.000000000000014 -24.888174862499994,67.50000000000001 -24.888174862499994,67.50000000000001 -14.041563856249994,45.000000000000014 -14.041563856249994,45.000000000000014 -24.888174862499994))	3411
11	6	POLYGON ((67.50000000000001 -24.888174862499994,90.00000000000003 -24.888174862499994,90.00000000000003 -14.041563856249994,67.50000000000001 -14.041563856249994,67.50000000000001 -24.888174862499994))	0
12	6	POLYGON ((90.00000000000003 -24.888174862499994,112.50000000000003 -24.888174862499994,112.50000000000003 -14.041563856249994,90.00000000000003 -14.041563856249994,90.00000000000003 -24.888174862499994))	0
13	6	POLYGON ((112.50000000000003 -24.888174862499994,135.00000000000003 -24.888174862499994,135.00000000000003 -14.041563856249994,112.50000000000003 -14.041563856249994,112.50000000000003 -24.888174862499994))	667
14	6	POLYGON ((135.00000000000003 -24.888174862499994,157.50000000000003 -24.888174862499994,157.50000000000003 -14.041563856249994,135.00000000000003 -14.041563856249994,135.00000000000003 -24.888174862499994))	1310
15	6	POLYGON ((157.50000000000003 -24.888174862499994,180.00000000000003 -24.888174862499994,180.00000000000003 -14.041563856249994,157.50000000000003 -14.041563856249994,157.50000000000003 -24.888174862499994))	1266
0	7	POLYGON ((-180.0 -14.041563856249994,-157.5 -14.041563856249994,-157.5 -3.194952849999993,-180.0 -3.194952849999993,-180.0 -14.041563856249994))	139
1	7	POLYGON ((-157.5 -14.041563856249994,-135.0 -14.041563856249994,-135.0 -3.194952849999993,-157.5 -3.194952849999993,-157.5 -14.041563856249994))	13
2	7	POLYGON ((-135.0 -14.041563856249994,-112.5 -14.041563856249994,-112.5 -3.194952849999993,-135.0 -3.194952849999993,-135.0 -14.041563856249994))	0
3	7	POLYGON ((-112.5 -14.041563856249994,-90.0 -14.041563856249994,-90.0 -3.194952849999993,-112.5 -3.194952849999993,-112.5 -14.041563856249994))	0
4	7	POLYGON ((-90.0 -14.041563856249994,-67.5 -14.041563856249994,-67.5 -3.194952849999993,-90.0 -3.194952849999993,-90.0 -14.041563856249994))	2438
5	7	POLYGON ((-67.5 -14.041563856249994,-44.999999999999986 -14.041563856249994,-44.999999999999986 -3.194952849999993,-67.5 -3.194952849999993,-67.5 -14.041563856249994))	1676
6	7	POLYGON ((-44.999999999999986 -14.041563856249994,-22.499999999999986 -14.041563856249994,-22.499999999999986 -3.194952849999993,-44.999999999999986 -3.194952849999993,-44.999999999999986 -14.041563856249994))	1400
7	7	POLYGON ((-22.499999999999986 -14.041563856249994,1.4210854715202004E-14 -14.041563856249994,1.4210854715202004E-14 -3.194952849999993,-22.499999999999986 -3.194952849999993,-22.499999999999986 -14.041563856249994))	0
8	7	POLYGON ((1.4210854715202004E-14 -14.041563856249994,22.500000000000014 -14.041563856249994,22.500000000000014 -3.194952849999993,1.4210854715202004E-14 -3.194952849999993,1.4210854715202004E-14 -14.041563856249994))	589
9	7	POLYGON ((22.500000000000014 -14.041563856249994,45.000000000000014 -14.041563856249994,45.000000000000014 -3.194952849999993,22.500000000000014 -3.194952849999993,22.500000000000014 -14.041563856249994))	1386
10	7	POLYGON ((45.000000000000014 -14.041563856249994,67.50000000000001 -14.041563856249994,67.50000000000001 -3.194952849999993,45.000000000000014 -3.194952849999993,45.000000000000014 -14.041563856249994))	410
11	7	POLYGON ((67.50000000000001 -14.041563856249994,90.00000000000003 -14.041563856249994,90.00000000000003 -3.194952849999993,67.50000000000001 -3.194952849999993,67.50000000000001 -14.041563856249994))	22
12	7	POLYGON ((90.00000000000003 -14.041563856249994,112.50000000000003 -14.041563856249994,112.50000000000003 -3.194952849999993,90.00000000000003 -3.194952849999993,90.00000000000003 -14.041563856249994))	1597
13	7	POLYGON ((112.50000000000003 -14.041563856249994,135.00000000000003 -14.041563856249994,135.00000000000003 -3.194952849999993,112.50000000000003 -3.194952849999993,112.50000000000003 -14.041563856249994))	2227
14	7	POLYGON ((135.00000000000003 -14.041563856249994,157.50000000000003 -14.041563856249994,157.50000000000003 -3.194952849999993,135.00000000000003 -3.194952849999993,135.00000000000003 -14.041563856249994))	1375
15	7	POLYGON ((157.50000000000003 -14.041563856249994,180.00000000000003 -14.041563856249994,180.00000000000003 -3.194952849999993,157.50000000000003 -3.194952849999993,157.50000000000003 -14.041563856249994))	365
0	8	POLYGON ((-180.0 -3.194952849999993,-157.5 -3.194952849999993,-157.5 7.651658156250008,-180.0 7.651658156250008,-180.0 -3.194952849999993))	25
1	8	POLYGON ((-157.5 -3.194952849999993,-135.0 -3.194952849999993,-135.0 7.651658156250008,-157.5 7.651658156250008,-157.5 -3.194952849999993))	58
2	8	POLYGON ((-135.0 -3.194952849999993,-112.5 -3.194952849999993,-112.5 7.651658156250008,-135.0 7.651658156250008,-135.0 -3.194952849999993))	0
3	8	POLYGON ((-112.5 -3.194952849999993,-90.0 -3.194952849999993,-90.0 7.651658156250008,-112.5 7.651658156250008,-112.5 -3.194952849999993))	64
4	8	POLYGON ((-90.0 -3.194952849999993,-67.5 -3.194952849999993,-67.5 7.651658156250008,-90.0 7.651658156250008,-90.0 -3.194952849999993))	3694
5	8	POLYGON ((-67.5 -3.194952849999993,-44.999999999999986 -3.194952849999993,-44.999999999999986 7.651658156250008,-67.5 7.651658156250008,-67.5 -3.194952849999993))	3570
6	8	POLYGON ((-44.999999999999986 -3.194952849999993,-22.499999999999986 -3.194952849999993,-22.499999999999986 7.651658156250008,-44.999999999999986 7.651658156250008,-44.999999999999986 -3.194952849999993))	182
7	8	POLYGON ((-22.499999999999986 -3.194952849999993,1.4210854715202004E-14 -3.194952849999993,1.4210854715202004E-14 7.651658156250008,-22.499999999999986 7.651658156250008,-22.499999999999986 -3.194952849999993))	643
8	8	POLYGON ((1.4210854715202004E-14 -3.194952849999993,22.500000000000014 -3.194952849999993,22.500000000000014 7.651658156250008,1.4210854715202004E-14 7.651658156250008,1.4210854715202004E-14 -3.194952849999993))	1860
9	8	POLYGON ((22.500000000000014 -3.194952849999993,45.000000000000014 -3.194952849999993,45.000000000000014 7.651658156250008,22.500000000000014 7.651658156250008,22.500000000000014 -3.194952849999993))	2673
10	8	POLYGON ((45.000000000000014 -3.194952849999993,67.50000000000001 -3.194952849999993,67.50000000000001 7.651658156250008,45.000000000000014 7.651658156250008,45.000000000000014 -3.194952849999993))	65
11	8	POLYGON ((67.50000000000001 -3.194952849999993,90.00000000000003 -3.194952849999993,90.00000000000003 7.651658156250008,67.50000000000001 7.651658156250008,67.50000000000001 -3.194952849999993))	559
12	8	POLYGON ((90.00000000000003 -3.194952849999993,112.50000000000003 -3.194952849999993,112.50000000000003 7.651658156250008,90.00000000000003 7.651658156250008,90.00000000000003 -3.194952849999993))	2636
13	8	POLYGON ((112.50000000000003 -3.194952849999993,135.00000000000003 -3.194952849999993,135.00000000000003 7.651658156250008,112.50000000000003 7.651658156250008,112.50000000000003 -3.194952849999993))	2293
14	8	POLYGON ((135.00000000000003 -3.194952849999993,157.50000000000003 -3.194952849999993,157.50000000000003 7.651658156250008,135.00000000000003 7.651658156250008,135.00000000000003 -3.194952849999993))	283
15	8	POLYGON ((157.50000000000003 -3.194952849999993,180.00000000000003 -3.194952849999993,180.00000000000003 7.651658156250008,157.50000000000003 7.651658156250008,157.50000000000003 -3.194952849999993))	342
0	9	POLYGON ((-180.0 7.651658156250008,-157.5 7.651658156250008,-157.5 18.49826916250001,-180.0 18.49826916250001,-180.0 7.651658156250008))	0
1	9	POLYGON ((-157.5 7.651658156250008,-135.0 7.651658156250008,-135.0 18.49826916250001,-157.5 18.49826916250001,-157.5 7.651658156250008))	0
2	9	POLYGON ((-135.0 7.651658156250008,-112.5 7.651658156250008,-112.5 18.49826916250001,-135.0 18.49826916250001,-135.0 7.651658156250008))	0
3	9	POLYGON ((-112.5 7.651658156250008,-90.0 7.651658156250008,-90.0 18.49826916250001,-112.5 18.49826916250001,-112.5 7.651658156250008))	613
4	9	POLYGON ((-90.0 7.651658156250008,-67.5 7.651658156250008,-67.5 18.49826916250001,-90.0 18.49826916250001,-90.0 7.651658156250008))	5502
5	9	POLYGON ((-67.5 7.651658156250008,-44.999999999999986 7.651658156250008,-44.999999999999986 18.49826916250001,-67.5 18.49826916250001,-67.5 7.651658156250008))	3061
6	9	POLYGON ((-44.999999999999986 7.651658156250008,-22.499999999999986 7.651658156250008,-22.499999999999986 18.49826916250001,-44.999999999999986 18.49826916250001,-44.999999999999986 7.651658156250008))	18
7	9	POLYGON ((-22.499999999999986 7.651658156250008,1.4210854715202004E-14 7.651658156250008,1.4210854715202004E-14 18.49826916250001,-22.499999999999986 18.49826916250001,-22.499999999999986 7.651658156250008))	4058
8	9	POLYGON ((1.4210854715202004E-14 7.651658156250008,22.500000000000014 7.651658156250008,22.500000000000014 18.49826916250001,1.4210854715202004E-14 18.49826916250001,1.4210854715202004E-14 7.651658156250008))	1146
9	9	POLYGON ((22.500000000000014 7.651658156250008,45.000000000000014 7.651658156250008,45.000000000000014 18.49826916250001,22.500000000000014 18.49826916250001,22.500000000000014 7.651658156250008))	1337
10	9	POLYGON ((45.000000000000014 7.651658156250008,67.50000000000001 7.651658156250008,67.50000000000001 18.49826916250001,45.000000000000014 18.49826916250001,45.000000000000014 7.651658156250008))	411
11	9	POLYGON ((67.50000000000001 7.651658156250008,90.00000000000003 7.651658156250008,90.00000000000003 18.49826916250001,67.50000000000001 18.49826916250001,67.50000000000001 7.651658156250008))	4306
12	9	POLYGON ((90.00000000000003 7.651658156250008,112.50000000000003 7.651658156250008,112.50000000000003 18.49826916250001,90.00000000000003 18.49826916250001,90.00000000000003 7.651658156250008))	14356
13	9	POLYGON ((112.50000000000003 7.651658156250008,135.00000000000003 7.651658156250008,135.00000000000003 18.49826916250001,112.50000000000003 18.49826916250001,112.50000000000003 7.651658156250008))	8648
14	9	POLYGON ((135.00000000000003 7.651658156250008,157.50000000000003 7.651658156250008,157.50000000000003 18.49826916250001,135.00000000000003 18.49826916250001,135.00000000000003 7.651658156250008))	106
15	9	POLYGON ((157.50000000000003 7.651658156250008,180.00000000000003 7.651658156250008,180.00000000000003 18.49826916250001,157.50000000000003 18.49826916250001,157.50000000000003 7.651658156250008))	243
0	10	POLYGON ((-180.0 18.49826916250001,-157.5 18.49826916250001,-157.5 29.344880168750013,-180.0 29.344880168750013,-180.0 18.49826916250001))	370
1	10	POLYGON ((-157.5 18.49826916250001,-135.0 18.49826916250001,-135.0 29.344880168750013,-157.5 29.344880168750013,-157.5 18.49826916250001))	150
2	10	POLYGON ((-135.0 18.49826916250001,-112.5 18.49826916250001,-112.5 29.344880168750013,-135.0 29.344880168750013,-135.0 18.49826916250001))	117
3	10	POLYGON ((-112.5 18.49826916250001,-90.0 18.49826916250001,-90.0 29.344880168750013,-112.5 29.344880168750013,-112.5 18.49826916250001))	4622
4	10	POLYGON ((-90.0 18.49826916250001,-67.5 18.49826916250001,-67.5 29.344880168750013,-90.0 29.344880168750013,-90.0 18.49826916250001))	24909
5	10	POLYGON ((-67.5 18.49826916250001,-44.999999999999986 18.49826916250001,-44.999999999999986 29.344880168750013,-67.5 29.344880168750013,-67.5 18.49826916250001))	1
6	10	POLYGON ((-44.999999999999986 18.49826916250001,-22.499999999999986 18.49826916250001,-22.499999999999986 29.344880168750013,-44.999999999999986 29.344880168750013,-44.999999999999986 18.49826916250001))	0
7	10	POLYGON ((-22.499999999999986 18.49826916250001,1.4210854715202004E-14 18.49826916250001,1.4210854715202004E-14 29.344880168750013,-22.499999999999986 29.344880168750013,-22.499999999999986 18.49826916250001))	300
8	10	POLYGON ((1.4210854715202004E-14 18.49826916250001,22.500000000000014 18.49826916250001,22.500000000000014 29.344880168750013,1.4210854715202004E-14 29.344880168750013,1.4210854715202004E-14 18.49826916250001))	71
9	10	POLYGON ((22.500000000000014 18.49826916250001,45.000000000000014 18.49826916250001,45.000000000000014 29.344880168750013,22.500000000000014 29.344880168750013,22.500000000000014 18.49826916250001))	288
10	10	POLYGON ((45.000000000000014 18.49826916250001,67.50000000000001 18.49826916250001,67.50000000000001 29.344880168750013,45.000000000000014 29.344880168750013,45.000000000000014 18.49826916250001))	1437
11	10	POLYGON ((67.50000000000001 18.49826916250001,90.00000000000003 18.49826916250001,90.00000000000003 29.344880168750013,67.50000000000001 29.344880168750013,67.50000000000001 18.49826916250001))	10509
12	10	POLYGON ((90.00000000000003 18.49826916250001,112.50000000000003 18.49826916250001,112.50000000000003 29.344880168750013,90.00000000000003 29.344880168750013,90.00000000000003 18.49826916250001))	7132
13	10	POLYGON ((112.50000000000003 18.49826916250001,135.00000000000003 18.49826916250001,135.00000000000003 29.344880168750013,112.50000000000003 29.344880168750013,112.50000000000003 18.49826916250001))	9781
14	10	POLYGON ((135.00000000000003 18.49826916250001,157.50000000000003 18.49826916250001,157.50000000000003 29.344880168750013,135.00000000000003 29.344880168750013,135.00000000000003 18.49826916250001))	834
15	10	POLYGON ((157.50000000000003 18.49826916250001,180.00000000000003 18.49826916250001,180.00000000000003 29.344880168750013,157.50000000000003 29.344880168750013,157.50000000000003 18.49826916250001))	0
0	11	POLYGON ((-180.0 29.344880168750013,-157.5 29.344880168750013,-157.5 40.19149117500001,-180.0 40.19149117500001,-180.0 29.344880168750013))	0
1	11	POLYGON ((-157.5 29.344880168750013,-135.0 29.344880168750013,-135.0 40.19149117500001,-157.5 40.19149117500001,-157.5 29.344880168750013))	0
2	11	POLYGON ((-135.0 29.344880168750013,-112.5 29.344880168750013,-112.5 40.19149117500001,-135.0 40.19149117500001,-135.0 29.344880168750013))	19622
3	11	POLYGON ((-112.5 29.344880168750013,-90.0 29.344880168750013,-90.0 40.19149117500001,-112.5 40.19149117500001,-112.5 29.344880168750013))	79631
4	11	POLYGON ((-90.0 29.344880168750013,-67.5 29.344880168750013,-67.5 40.19149117500001,-90.0 40.19149117500001,-90.0 29.344880168750013))	112928
5	11	POLYGON ((-67.5 29.344880168750013,-44.999999999999986 29.344880168750013,-44.999999999999986 40.19149117500001,-67.5 40.19149117500001,-67.5 29.344880168750013))	31
6	11	POLYGON ((-44.999999999999986 29.344880168750013,-22.499999999999986 29.344880168750013,-22.499999999999986 40.19149117500001,-44.999999999999986 40.19149117500001,-44.999999999999986 29.344880168750013))	32
7	11	POLYGON ((-22.499999999999986 29.344880168750013,1.4210854715202004E-14 29.344880168750013,1.4210854715202004E-14 40.19149117500001,-22.499999999999986 40.19149117500001,-22.499999999999986 29.344880168750013))	4529
8	11	POLYGON ((1.4210854715202004E-14 29.344880168750013,22.500000000000014 29.344880168750013,22.500000000000014 40.19149117500001,1.4210854715202004E-14 40.19149117500001,1.4210854715202004E-14 29.344880168750013))	2251
9	11	POLYGON ((22.500000000000014 29.344880168750013,45.000000000000014 29.344880168750013,45.000000000000014 40.19149117500001,22.500000000000014 40.19149117500001,22.500000000000014 29.344880168750013))	4900
10	11	POLYGON ((45.000000000000014 29.344880168750013,67.50000000000001 29.344880168750013,67.50000000000001 40.19149117500001,45.000000000000014 40.19149117500001,45.000000000000014 29.344880168750013))	1178
11	11	POLYGON ((67.50000000000001 29.344880168750013,90.00000000000003 29.344880168750013,90.00000000000003 40.19149117500001,67.50000000000001 40.19149117500001,67.50000000000001 29.344880168750013))	2233
12	11	POLYGON ((90.00000000000003 29.344880168750013,112.50000000000003 29.344880168750013,112.50000000000003 40.19149117500001,90.00000000000003 40.19149117500001,90.00000000000003 29.344880168750013))	2485
13	11	POLYGON ((112.50000000000003 29.344880168750013,135.00000000000003 29.344880168750013,135.00000000000003 40.19149117500001,112.50000000000003 40.19149117500001,112.50000000000003 29.344880168750013))	49270
14	11	POLYGON ((135.00000000000003 29.344880168750013,157.50000000000003 29.344880168750013,157.50000000000003 40.19149117500001,135.00000000000003 40.19149117500001,135.00000000000003 29.344880168750013))	37673
15	11	POLYGON ((157.50000000000003 29.344880168750013,180.00000000000003 29.344880168750013,180.00000000000003 40.19149117500001,157.50000000000003 40.19149117500001,157.50000000000003 29.344880168750013))	0
0	12	POLYGON ((-180.0 40.19149117500001,-157.5 40.19149117500001,-157.5 51.03810218125001,-180.0 51.03810218125001,-180.0 40.19149117500001))	0
1	12	POLYGON ((-157.5 40.19149117500001,-135.0 40.19149117500001,-135.0 51.03810218125001,-157.5 51.03810218125001,-157.5 40.19149117500001))	0
2	12	POLYGON ((-135.0 40.19149117500001,-112.5 40.19149117500001,-112.5 51.03810218125001,-135.0 51.03810218125001,-135.0 40.19149117500001))	33907
3	12	POLYGON ((-112.5 40.19149117500001,-90.0 40.19149117500001,-90.0 51.03810218125001,-112.5 51.03810218125001,-112.5 40.19149117500001))	147756
4	12	POLYGON ((-90.0 40.19149117500001,-67.5 40.19149117500001,-67.5 51.03810218125001,-90.0 51.03810218125001,-90.0 40.19149117500001))	200313
5	12	POLYGON ((-67.5 40.19149117500001,-44.999999999999986 40.19149117500001,-44.999999999999986 51.03810218125001,-67.5 51.03810218125001,-67.5 40.19149117500001))	177564
6	12	POLYGON ((-44.999999999999986 40.19149117500001,-22.499999999999986 40.19149117500001,-22.499999999999986 51.03810218125001,-44.999999999999986 51.03810218125001,-44.999999999999986 40.19149117500001))	0
7	12	POLYGON ((-22.499999999999986 40.19149117500001,1.4210854715202004E-14 40.19149117500001,1.4210854715202004E-14 51.03810218125001,-22.499999999999986 51.03810218125001,-22.499999999999986 40.19149117500001))	38827
8	12	POLYGON ((1.4210854715202004E-14 40.19149117500001,22.500000000000014 40.19149117500001,22.500000000000014 51.03810218125001,1.4210854715202004E-14 51.03810218125001,1.4210854715202004E-14 40.19149117500001))	130815
9	12	POLYGON ((22.500000000000014 40.19149117500001,45.000000000000014 40.19149117500001,45.000000000000014 51.03810218125001,22.500000000000014 51.03810218125001,22.500000000000014 40.19149117500001))	26630
10	12	POLYGON ((45.000000000000014 40.19149117500001,67.50000000000001 40.19149117500001,67.50000000000001 51.03810218125001,45.000000000000014 51.03810218125001,45.000000000000014 40.19149117500001))	1858
11	12	POLYGON ((67.50000000000001 40.19149117500001,90.00000000000003 40.19149117500001,90.00000000000003 51.03810218125001,67.50000000000001 51.03810218125001,67.50000000000001 40.19149117500001))	2553
12	12	POLYGON ((90.00000000000003 40.19149117500001,112.50000000000003 40.19149117500001,112.50000000000003 51.03810218125001,90.00000000000003 51.03810218125001,90.00000000000003 40.19149117500001))	531
13	12	POLYGON ((112.50000000000003 40.19149117500001,135.00000000000003 40.19149117500001,135.00000000000003 51.03810218125001,112.50000000000003 51.03810218125001,112.50000000000003 40.19149117500001))	3120
14	12	POLYGON ((135.00000000000003 40.19149117500001,157.50000000000003 40.19149117500001,157.50000000000003 51.03810218125001,135.00000000000003 51.03810218125001,135.00000000000003 40.19149117500001))	11756
15	12	POLYGON ((157.50000000000003 40.19149117500001,180.00000000000003 40.19149117500001,180.00000000000003 51.03810218125001,157.50000000000003 51.03810218125001,157.50000000000003 40.19149117500001))	0
0	13	POLYGON ((-180.0 51.03810218125001,-157.5 51.03810218125001,-157.5 61.88471318750002,-180.0 61.88471318750002,-180.0 51.03810218125001))	3439
1	13	POLYGON ((-157.5 51.03810218125001,-135.0 51.03810218125001,-135.0 61.88471318750002,-157.5 61.88471318750002,-157.5 51.03810218125001))	14180
2	13	POLYGON ((-135.0 51.03810218125001,-112.5 51.03810218125001,-112.5 61.88471318750002,-135.0 61.88471318750002,-135.0 51.03810218125001))	91085
3	13	POLYGON ((-112.5 51.03810218125001,-90.0 51.03810218125001,-90.0 61.88471318750002,-112.5 61.88471318750002,-112.5 51.03810218125001))	72164
4	13	POLYGON ((-90.0 51.03810218125001,-67.5 51.03810218125001,-67.5 61.88471318750002,-90.0 61.88471318750002,-90.0 51.03810218125001))	10456
5	13	POLYGON ((-67.5 51.03810218125001,-44.999999999999986 51.03810218125001,-44.999999999999986 61.88471318750002,-67.5 61.88471318750002,-67.5 51.03810218125001))	241399
6	13	POLYGON ((-44.999999999999986 51.03810218125001,-22.499999999999986 51.03810218125001,-22.499999999999986 61.88471318750002,-44.999999999999986 61.88471318750002,-44.999999999999986 51.03810218125001))	342
7	13	POLYGON ((-22.499999999999986 51.03810218125001,1.4210854715202004E-14 51.03810218125001,1.4210854715202004E-14 61.88471318750002,-22.499999999999986 61.88471318750002,-22.499999999999986 51.03810218125001))	26707
8	13	POLYGON ((1.4210854715202004E-14 51.03810218125001,22.500000000000014 51.03810218125001,22.500000000000014 61.88471318750002,1.4210854715202004E-14 61.88471318750002,1.4210854715202004E-14 51.03810218125001))	197041
9	13	POLYGON ((22.500000000000014 51.03810218125001,45.000000000000014 51.03810218125001,45.000000000000014 61.88471318750002,22.500000000000014 61.88471318750002,22.500000000000014 51.03810218125001))	55815
10	13	POLYGON ((45.000000000000014 51.03810218125001,67.50000000000001 51.03810218125001,67.50000000000001 61.88471318750002,45.000000000000014 61.88471318750002,45.000000000000014 51.03810218125001))	19960
11	13	POLYGON ((67.50000000000001 51.03810218125001,90.00000000000003 51.03810218125001,90.00000000000003 61.88471318750002,67.50000000000001 61.88471318750002,67.50000000000001 51.03810218125001))	12339
12	13	POLYGON ((90.00000000000003 51.03810218125001,112.50000000000003 51.03810218125001,112.50000000000003 61.88471318750002,90.00000000000003 61.88471318750002,90.00000000000003 51.03810218125001))	2413
13	13	POLYGON ((112.50000000000003 51.03810218125001,135.00000000000003 51.03810218125001,135.00000000000003 61.88471318750002,112.50000000000003 61.88471318750002,112.50000000000003 51.03810218125001))	1471
14	13	POLYGON ((135.00000000000003 51.03810218125001,157.50000000000003 51.03810218125001,157.50000000000003 61.88471318750002,135.00000000000003 61.88471318750002,135.00000000000003 51.03810218125001))	4118
15	13	POLYGON ((157.50000000000003 51.03810218125001,180.00000000000003 51.03810218125001,180.00000000000003 61.88471318750002,157.50000000000003 61.88471318750002,157.50000000000003 51.03810218125001))	1118
0	14	POLYGON ((-180.0 61.88471318750002,-157.5 61.88471318750002,-157.5 72.73132419375001,-180.0 72.73132419375001,-180.0 61.88471318750002))	4287
1	14	POLYGON ((-157.5 61.88471318750002,-135.0 61.88471318750002,-135.0 72.73132419375001,-157.5 72.73132419375001,-157.5 61.88471318750002))	5347
2	14	POLYGON ((-135.0 61.88471318750002,-112.5 61.88471318750002,-112.5 72.73132419375001,-135.0 72.73132419375001,-135.0 61.88471318750002))	14578
3	14	POLYGON ((-112.5 61.88471318750002,-90.0 61.88471318750002,-90.0 72.73132419375001,-112.5 72.73132419375001,-112.5 61.88471318750002))	26217
4	14	POLYGON ((-90.0 61.88471318750002,-67.5 61.88471318750002,-67.5 72.73132419375001,-90.0 72.73132419375001,-90.0 61.88471318750002))	5788
5	14	POLYGON ((-67.5 61.88471318750002,-44.999999999999986 61.88471318750002,-44.999999999999986 72.73132419375001,-67.5 72.73132419375001,-67.5 61.88471318750002))	5099
6	14	POLYGON ((-44.999999999999986 61.88471318750002,-22.499999999999986 61.88471318750002,-22.499999999999986 72.73132419375001,-44.999999999999986 72.73132419375001,-44.999999999999986 61.88471318750002))	655
7	14	POLYGON ((-22.499999999999986 61.88471318750002,1.4210854715202004E-14 61.88471318750002,1.4210854715202004E-14 72.73132419375001,-22.499999999999986 72.73132419375001,-22.499999999999986 61.88471318750002))	2136
8	14	POLYGON ((1.4210854715202004E-14 61.88471318750002,22.500000000000014 61.88471318750002,22.500000000000014 72.73132419375001,1.4210854715202004E-14 72.73132419375001,1.4210854715202004E-14 61.88471318750002))	33326
9	14	POLYGON ((22.500000000000014 61.88471318750002,45.000000000000014 61.88471318750002,45.000000000000014 72.73132419375001,22.500000000000014 72.73132419375001,22.500000000000014 61.88471318750002))	47043
10	14	POLYGON ((45.000000000000014 61.88471318750002,67.50000000000001 61.88471318750002,67.50000000000001 72.73132419375001,45.000000000000014 72.73132419375001,45.000000000000014 61.88471318750002))	10181
11	14	POLYGON ((67.50000000000001 61.88471318750002,90.00000000000003 61.88471318750002,90.00000000000003 72.73132419375001,67.50000000000001 72.73132419375001,67.50000000000001 61.88471318750002))	8402
12	14	POLYGON ((90.00000000000003 61.88471318750002,112.50000000000003 61.88471318750002,112.50000000000003 72.73132419375001,90.00000000000003 72.73132419375001,90.00000000000003 61.88471318750002))	1713
13	14	POLYGON ((112.50000000000003 61.88471318750002,135.00000000000003 61.88471318750002,135.00000000000003 72.73132419375001,112.50000000000003 72.73132419375001,112.50000000000003 61.88471318750002))	2067
14	14	POLYGON ((135.00000000000003 61.88471318750002,157.50000000000003 61.88471318750002,157.50000000000003 72.73132419375001,135.00000000000003 72.73132419375001,135.00000000000003 61.88471318750002))	3387
15	14	POLYGON ((157.50000000000003 61.88471318750002,180.00000000000003 61.88471318750002,180.00000000000003 72.73132419375001,157.50000000000003 72.73132419375001,157.50000000000003 61.88471318750002))	4112
0	15	POLYGON ((-180.0 72.73132419375001,-157.5 72.73132419375001,-157.5 83.57793520000001,-180.0 83.57793520000001,-180.0 72.73132419375001))	0
1	15	POLYGON ((-157.5 72.73132419375001,-135.0 72.73132419375001,-135.0 83.57793520000001,-157.5 83.57793520000001,-157.5 72.73132419375001))	0
2	15	POLYGON ((-135.0 72.73132419375001,-112.5 72.73132419375001,-112.5 83.57793520000001,-135.0 83.57793520000001,-135.0 72.73132419375001))	190
3	15	POLYGON ((-112.5 72.73132419375001,-90.0 72.73132419375001,-90.0 83.57793520000001,-112.5 83.57793520000001,-112.5 72.73132419375001))	884
4	15	POLYGON ((-90.0 72.73132419375001,-67.5 72.73132419375001,-67.5 83.57793520000001,-90.0 83.57793520000001,-90.0 72.73132419375001))	1196
5	15	POLYGON ((-67.5 72.73132419375001,-44.999999999999986 72.73132419375001,-44.999999999999986 83.57793520000001,-67.5 83.57793520000001,-67.5 72.73132419375001))	664
6	15	POLYGON ((-44.999999999999986 72.73132419375001,-22.499999999999986 72.73132419375001,-22.499999999999986 83.57793520000001,-44.999999999999986 83.57793520000001,-44.999999999999986 72.73132419375001))	42
7	15	POLYGON ((-22.499999999999986 72.73132419375001,1.4210854715202004E-14 72.73132419375001,1.4210854715202004E-14 83.57793520000001,-22.499999999999986 83.57793520000001,-22.499999999999986 72.73132419375001))	73
8	15	POLYGON ((1.4210854715202004E-14 72.73132419375001,22.500000000000014 72.73132419375001,22.500000000000014 83.57793520000001,1.4210854715202004E-14 83.57793520000001,1.4210854715202004E-14 72.73132419375001))	64
9	15	POLYGON ((22.500000000000014 72.73132419375001,45.000000000000014 72.73132419375001,45.000000000000014 83.57793520000001,22.500000000000014 83.57793520000001,22.500000000000014 72.73132419375001))	26
10	15	POLYGON ((45.000000000000014 72.73132419375001,67.50000000000001 72.73132419375001,67.50000000000001 83.57793520000001,45.000000000000014 83.57793520000001,45.000000000000014 72.73132419375001))	465
11	15	POLYGON ((67.50000000000001 72.73132419375001,90.00000000000003 72.73132419375001,90.00000000000003 83.57793520000001,67.50000000000001 83.57793520000001,67.50000000000001 72.73132419375001))	592
12	15	POLYGON ((90.00000000000003 72.73132419375001,112.50000000000003 72.73132419375001,112.50000000000003 83.57793520000001,90.00000000000003 83.57793520000001,90.00000000000003 72.73132419375001))	1908
13	15	POLYGON ((112.50000000000003 72.73132419375001,135.00000000000003 72.73132419375001,135.00000000000003 83.57793520000001,112.50000000000003 83.57793520000001,112.50000000000003 72.73132419375001))	704
14	15	POLYGON ((135.00000000000003 72.73132419375001,157.50000000000003 72.73132419375001,157.50000000000003 83.57793520000001,135.00000000000003 83.57793520000001,135.00000000000003 72.73132419375001))	124
15	15	POLYGON ((157.50000000000003 72.73132419375001,180.00000000000003 72.73132419375001,180.00000000000003 83.57793520000001,157.50000000000003 83.57793520000001,157.50000000000003 72.73132419375001))	0
