Column	Row	Geometry	Frequency
0	0	POLYGON ((-180.0 -86.171991,-157.5 -86.171991,-157.5 -75.59209190625,-180.0 -75.59209190625,-180.0 -86.171991))	23
1	0	POLYGON ((-157.5 -86.171991,-135.0 -86.171991,-135.0 -75.59209190625,-157.5 -75.59209190625,-157.5 -86.171991))	32
2	0	POLYGON ((-135.0 -86.171991,-112.5 -86.171991,-112.5 -75.59209190625,-135.0 -75.59209190625,-135.0 -86.171991))	0
3	0	POLYGON ((-112.5 -86.171991,-90.0 -86.171991,-90.0 -75.59209190625,-112.5 -75.59209190625,-112.5 -86.171991))	0
4	0	POLYGON ((-90.0 -86.171991,-67.5 -86.171991,-67.5 -75.59209190625,-90.0 -75.59209190625,-90.0 -86.171991))	0
5	0	POLYGON ((-67.5 -86.171991,-44.999999999999986 -86.171991,-44.999999999999986 -75.59209190625,-67.5 -75.59209190625,-67.5 -86.171991))	2
6	0	POLYGON ((-44.999999999999986 -86.171991,-22.499999999999986 -86.171991,-22.499999999999986 -75.59209190625,-44.999999999999986 -75.59209190625,-44.999999999999986 -86.171991))	1
7	0	POLYGON ((-22.499999999999986 -86.171991,1.4210854715202004E-14 -86.171991,1.4210854715202004E-14 -75.59209190625,-22.499999999999986 -75.59209190625,-22.499999999999986 -86.171991))	0
8	0	POLYGON ((1.4210854715202004E-14 -86.171991,22.500000000000014 -86.171991,22.500000000000014 -75.59209190625,1.4210854715202004E-14 -75.59209190625,1.4210854715202004E-14 -86.171991))	0
9	0	POLYGON ((22.500000000000014 -86.171991,45.000000000000014 -86.171991,45.000000000000014 -75.59209190625,22.500000000000014 -75.59209190625,22.500000000000014 -86.171991))	0
10	0	POLYGON ((45.000000000000014 -86.171991,67.50000000000001 -86.171991,67.50000000000001 -75.59209190625,45.000000000000014 -75.59209190625,45.000000000000014 -86.171991))	0
11	0	POLYGON ((67.50000000000001 -86.171991,90.00000000000003 -86.171991,90.00000000000003 -75.59209190625,67.50000000000001 -75.59209190625,67.50000000000001 -86.171991))	0
12	0	POLYGON ((90.00000000000003 -86.171991,112.50000000000003 -86.171991,112.50000000000003 -75.59209190625,90.00000000000003 -75.59209190625,90.00000000000003 -86.171991))	0
13	0	POLYGON ((112.50000000000003 -86.171991,135.00000000000003 -86.171991,135.00000000000003 -75.59209190625,112.50000000000003 -75.59209190625,112.50000000000003 -86.171991))	0
14	0	POLYGON ((135.00000000000003 -86.171991,157.50000000000003 -86.171991,157.50000000000003 -75.59209190625,135.00000000000003 -75.59209190625,135.00000000000003 -86.171991))	17
15	0	POLYGON ((157.50000000000003 -86.171991,180.00000000000003 -86.171991,180.00000000000003 -75.59209190625,157.50000000000003 -75.59209190625,157.50000000000003 -86.171991))	95
0	1	POLYGON ((-180.0 -75.59209190625,-157.5 -75.59209190625,-157.5 -65.0121928125,-180.0 -65.0121928125,-180.0 -75.59209190625))	0
1	1	POLYGON ((-157.5 -75.59209190625,-135.0 -75.59209190625,-135.0 -65.0121928125,-157.5 -65.0121928125,-157.5 -75.59209190625))	2
2	1	POLYGON ((-135.0 -75.59209190625,-112.5 -75.59209190625,-112.5 -65.0121928125,-135.0 -65.0121928125,-135.0 -75.59209190625))	0
3	1	POLYGON ((-112.5 -75.59209190625,-90.0 -75.59209190625,-90.0 -65.0121928125,-112.5 -65.0121928125,-112.5 -75.59209190625))	3
4	1	POLYGON ((-90.0 -75.59209190625,-67.5 -75.59209190625,-67.5 -65.0121928125,-90.0 -65.0121928125,-90.0 -75.59209190625))	0
5	1	POLYGON ((-67.5 -75.59209190625,-44.999999999999986 -75.59209190625,-44.999999999999986 -65.0121928125,-67.5 -65.0121928125,-67.5 -75.59209190625))	0
6	1	POLYGON ((-44.999999999999986 -75.59209190625,-22.499999999999986 -75.59209190625,-22.499999999999986 -65.0121928125,-44.999999999999986 -65.0121928125,-44.999999999999986 -75.59209190625))	0
7	1	POLYGON ((-22.499999999999986 -75.59209190625,1.4210854715202004E-14 -75.59209190625,1.4210854715202004E-14 -65.0121928125,-22.499999999999986 -65.0121928125,-22.499999999999986 -75.59209190625))	0
8	1	POLYGON ((1.4210854715202004E-14 -75.59209190625,22.500000000000014 -75.59209190625,22.500000000000014 -65.0121928125,1.4210854715202004E-14 -65.0121928125,1.4210854715202004E-14 -75.59209190625))	6
9	1	POLYGON ((22.500000000000014 -75.59209190625,45.000000000000014 -75.59209190625,45.000000000000014 -65.0121928125,22.500000000000014 -65.0121928125,22.500000000000014 -75.59209190625))	8
10	1	POLYGON ((45.000000000000014 -75.59209190625,67.50000000000001 -75.59209190625,67.50000000000001 -65.0121928125,45.000000000000014 -65.0121928125,45.000000000000014 -75.59209190625))	3
11	1	POLYGON ((67.50000000000001 -75.59209190625,90.00000000000003 -75.59209190625,90.00000000000003 -65.0121928125,67.50000000000001 -65.0121928125,67.50000000000001 -75.59209190625))	76
12	1	POLYGON ((90.00000000000003 -75.59209190625,112.50000000000003 -75.59209190625,112.50000000000003 -65.0121928125,90.00000000000003 -65.0121928125,90.00000000000003 -75.59209190625))	3
13	1	POLYGON ((112.50000000000003 -75.59209190625,135.00000000000003 -75.59209190625,135.00000000000003 -65.0121928125,112.50000000000003 -65.0121928125,112.50000000000003 -75.59209190625))	2
14	1	POLYGON ((135.00000000000003 -75.59209190625,157.50000000000003 -75.59209190625,157.50000000000003 -65.0121928125,135.00000000000003 -65.0121928125,135.00000000000003 -75.59209190625))	0
15	1	POLYGON ((157.50000000000003 -75.59209190625,180.00000000000003 -75.59209190625,180.00000000000003 -65.0121928125,157.50000000000003 -65.0121928125,157.50000000000003 -75.59209190625))	26
0	2	POLYGON ((-180.0 -65.0121928125,-157.5 -65.0121928125,-157.5 -54.43229371875,-180.0 -54.43229371875,-180.0 -65.0121928125))	0
1	2	POLYGON ((-157.5 -65.0121928125,-135.0 -65.0121928125,-135.0 -54.43229371875,-157.5 -54.43229371875,-157.5 -65.0121928125))	0
2	2	POLYGON ((-135.0 -65.0121928125,-112.5 -65.0121928125,-112.5 -54.43229371875,-135.0 -54.43229371875,-135.0 -65.0121928125))	0
3	2	POLYGON ((-112.5 -65.0121928125,-90.0 -65.0121928125,-90.0 -54.43229371875,-112.5 -54.43229371875,-112.5 -65.0121928125))	0
4	2	POLYGON ((-90.0 -65.0121928125,-67.5 -65.0121928125,-67.5 -54.43229371875,-90.0 -54.43229371875,-90.0 -65.0121928125))	4
5	2	POLYGON ((-67.5 -65.0121928125,-44.999999999999986 -65.0121928125,-44.999999999999986 -54.43229371875,-67.5 -54.43229371875,-67.5 -65.0121928125))	32
6	2	POLYGON ((-44.999999999999986 -65.0121928125,-22.499999999999986 -65.0121928125,-22.499999999999986 -54.43229371875,-44.999999999999986 -54.43229371875,-44.999999999999986 -65.0121928125))	0
7	2	POLYGON ((-22.499999999999986 -65.0121928125,1.4210854715202004E-14 -65.0121928125,1.4210854715202004E-14 -54.43229371875,-22.499999999999986 -54.43229371875,-22.499999999999986 -65.0121928125))	0
8	2	POLYGON ((1.4210854715202004E-14 -65.0121928125,22.500000000000014 -65.0121928125,22.500000000000014 -54.43229371875,1.4210854715202004E-14 -54.43229371875,1.4210854715202004E-14 -65.0121928125))	0
9	2	POLYGON ((22.500000000000014 -65.0121928125,45.000000000000014 -65.0121928125,45.000000000000014 -54.43229371875,22.500000000000014 -54.43229371875,22.500000000000014 -65.0121928125))	0
10	2	POLYGON ((45.000000000000014 -65.0121928125,67.50000000000001 -65.0121928125,67.50000000000001 -54.43229371875,45.000000000000014 -54.43229371875,45.000000000000014 -65.0121928125))	0
11	2	POLYGON ((67.50000000000001 -65.0121928125,90.00000000000003 -65.0121928125,90.00000000000003 -54.43229371875,67.50000000000001 -54.43229371875,67.50000000000001 -65.0121928125))	0
12	2	POLYGON ((90.00000000000003 -65.0121928125,112.50000000000003 -65.0121928125,112.50000000000003 -54.43229371875,90.00000000000003 -54.43229371875,90.00000000000003 -65.0121928125))	0
13	2	POLYGON ((112.50000000000003 -65.0121928125,135.00000000000003 -65.0121928125,135.00000000000003 -54.43229371875,112.50000000000003 -54.43229371875,112.50000000000003 -65.0121928125))	0
14	2	POLYGON ((135.00000000000003 -65.0121928125,157.50000000000003 -65.0121928125,157.50000000000003 -54.43229371875,135.00000000000003 -54.43229371875,135.00000000000003 -65.0121928125))	0
15	2	POLYGON ((157.50000000000003 -65.0121928125,180.00000000000003 -65.0121928125,180.00000000000003 -54.43229371875,157.50000000000003 -54.43229371875,157.50000000000003 -65.0121928125))	11
0	3	POLYGON ((-180.0 -54.43229371875,-157.5 -54.43229371875,-157.5 -43.852394625,-180.0 -43.852394625,-180.0 -54.43229371875))	16
1	3	POLYGON ((-157.5 -54.43229371875,-135.0 -54.43229371875,-135.0 -43.852394625,-157.5 -43.852394625,-157.5 -54.43229371875))	0
2	3	POLYGON ((-135.0 -54.43229371875,-112.5 -54.43229371875,-112.5 -43.852394625,-135.0 -43.852394625,-135.0 -54.43229371875))	0
3	3	POLYGON ((-112.5 -54.43229371875,-90.0 -54.43229371875,-90.0 -43.852394625,-112.5 -43.852394625,-112.5 -54.43229371875))	0
4	3	POLYGON ((-90.0 -54.43229371875,-67.5 -54.43229371875,-67.5 -43.852394625,-90.0 -43.852394625,-90.0 -54.43229371875))	75
5	3	POLYGON ((-67.5 -54.43229371875,-44.999999999999986 -54.43229371875,-44.999999999999986 -43.852394625,-67.5 -43.852394625,-67.5 -54.43229371875))	12
6	3	POLYGON ((-44.999999999999986 -54.43229371875,-22.499999999999986 -54.43229371875,-22.499999999999986 -43.852394625,-44.999999999999986 -43.852394625,-44.999999999999986 -54.43229371875))	0
7	3	POLYGON ((-22.499999999999986 -54.43229371875,1.4210854715202004E-14 -54.43229371875,1.4210854715202004E-14 -43.852394625,-22.499999999999986 -43.852394625,-22.499999999999986 -54.43229371875))	0
8	3	POLYGON ((1.4210854715202004E-14 -54.43229371875,22.500000000000014 -54.43229371875,22.500000000000014 -43.852394625,1.4210854715202004E-14 -43.852394625,1.4210854715202004E-14 -54.43229371875))	0
9	3	POLYGON ((22.500000000000014 -54.43229371875,45.000000000000014 -54.43229371875,45.000000000000014 -43.852394625,22.500000000000014 -43.852394625,22.500000000000014 -54.43229371875))	0
10	3	POLYGON ((45.000000000000014 -54.43229371875,67.50000000000001 -54.43229371875,67.50000000000001 -43.852394625,45.000000000000014 -43.852394625,45.000000000000014 -54.43229371875))	0
11	3	POLYGON ((67.50000000000001 -54.43229371875,90.00000000000003 -54.43229371875,90.00000000000003 -43.852394625,67.50000000000001 -43.852394625,67.50000000000001 -54.43229371875))	2
12	3	POLYGON ((90.00000000000003 -54.43229371875,112.50000000000003 -54.43229371875,112.50000000000003 -43.852394625,90.00000000000003 -43.852394625,90.00000000000003 -54.43229371875))	0
13	3	POLYGON ((112.50000000000003 -54.43229371875,135.00000000000003 -54.43229371875,135.00000000000003 -43.852394625,112.50000000000003 -43.852394625,112.50000000000003 -54.43229371875))	0
14	3	POLYGON ((135.00000000000003 -54.43229371875,157.50000000000003 -54.43229371875,157.50000000000003 -43.852394625,135.00000000000003 -43.852394625,135.00000000000003 -54.43229371875))	0
15	3	POLYGON ((157.50000000000003 -54.43229371875,180.00000000000003 -54.43229371875,180.00000000000003 -43.852394625,157.50000000000003 -43.852394625,157.50000000000003 -54.43229371875))	273
0	4	POLYGON ((-180.0 -43.852394625,-157.5 -43.852394625,-157.5 -33.27249553125,-180.0 -33.27249553125,-180.0 -43.852394625))	17
1	4	POLYGON ((-157.5 -43.852394625,-135.0 -43.852394625,-135.0 -33.27249553125,-157.5 -33.27249553125,-157.5 -43.852394625))	0
2	4	POLYGON ((-135.0 -43.852394625,-112.5 -43.852394625,-112.5 -33.27249553125,-135.0 -33.27249553125,-135.0 -43.852394625))	0
3	4	POLYGON ((-112.5 -43.852394625,-90.0 -43.852394625,-90.0 -33.27249553125,-112.5 -33.27249553125,-112.5 -43.852394625))	0
4	4	POLYGON ((-90.0 -43.852394625,-67.5 -43.852394625,-67.5 -33.27249553125,-90.0 -33.27249553125,-90.0 -43.852394625))	152
5	4	POLYGON ((-67.5 -43.852394625,-44.999999999999986 -43.852394625,-44.999999999999986 -33.27249553125,-67.5 -33.27249553125,-67.5 -43.852394625))	497
6	4	POLYGON ((-44.999999999999986 -43.852394625,-22.499999999999986 -43.852394625,-22.499999999999986 -33.27249553125,-44.999999999999986 -33.27249553125,-44.999999999999986 -43.852394625))	0
7	4	POLYGON ((-22.499999999999986 -43.852394625,1.4210854715202004E-14 -43.852394625,1.4210854715202004E-14 -33.27249553125,-22.499999999999986 -33.27249553125,-22.499999999999986 -43.852394625))	0
8	4	POLYGON ((1.4210854715202004E-14 -43.852394625,22.500000000000014 -43.852394625,22.500000000000014 -33.27249553125,1.4210854715202004E-14 -33.27249553125,1.4210854715202004E-14 -43.852394625))	53
9	4	POLYGON ((22.500000000000014 -43.852394625,45.000000000000014 -43.852394625,45.000000000000014 -33.27249553125,22.500000000000014 -33.27249553125,22.500000000000014 -43.852394625))	12
10	4	POLYGON ((45.000000000000014 -43.852394625,67.50000000000001 -43.852394625,67.50000000000001 -33.27249553125,45.000000000000014 -33.27249553125,45.000000000000014 -43.852394625))	0
11	4	POLYGON ((67.50000000000001 -43.852394625,90.00000000000003 -43.852394625,90.00000000000003 -33.27249553125,67.50000000000001 -33.27249553125,67.50000000000001 -43.852394625))	0
12	4	POLYGON ((90.00000000000003 -43.852394625,112.50000000000003 -43.852394625,112.50000000000003 -33.27249553125,90.00000000000003 -33.27249553125,90.00000000000003 -43.852394625))	0
13	4	POLYGON ((112.50000000000003 -43.852394625,135.00000000000003 -43.852394625,135.00000000000003 -33.27249553125,112.50000000000003 -33.27249553125,112.50000000000003 -43.852394625))	24
14	4	POLYGON ((135.00000000000003 -43.852394625,157.50000000000003 -43.852394625,157.50000000000003 -33.27249553125,135.00000000000003 -33.27249553125,135.00000000000003 -43.852394625))	1830
15	4	POLYGON ((157.50000000000003 -43.852394625,180.00000000000003 -43.852394625,180.00000000000003 -33.27249553125,157.50000000000003 -33.27249553125,157.50000000000003 -43.852394625))	505
0	5	POLYGON ((-180.0 -33.27249553125,-157.5 -33.27249553125,-157.5 -22.6925964375,-180.0 -22.6925964375,-180.0 -33.27249553125))	0
1	5	POLYGON ((-157.5 -33.27249553125,-135.0 -33.27249553125,-135.0 -22.6925964375,-157.5 -22.6925964375,-157.5 -33.27249553125))	0
2	5	POLYGON ((-135.0 -33.27249553125,-112.5 -33.27249553125,-112.5 -22.6925964375,-135.0 -22.6925964375,-135.0 -33.27249553125))	0
3	5	POLYGON ((-112.5 -33.27249553125,-90.0 -33.27249553125,-90.0 -22.6925964375,-112.5 -22.6925964375,-112.5 -33.27249553125))	0
4	5	POLYGON ((-90.0 -33.27249553125,-67.5 -33.27249553125,-67.5 -22.6925964375,-90.0 -22.6925964375,-90.0 -33.27249553125))	10
5	5	POLYGON ((-67.5 -33.27249553125,-44.999999999999986 -33.27249553125,-44.999999999999986 -22.6925964375,-67.5 -22.6925964375,-67.5 -33.27249553125))	1029
6	5	POLYGON ((-44.999999999999986 -33.27249553125,-22.499999999999986 -33.27249553125,-22.499999999999986 -22.6925964375,-44.999999999999986 -22.6925964375,-44.999999999999986 -33.27249553125))	37
7	5	POLYGON ((-22.499999999999986 -33.27249553125,1.4210854715202004E-14 -33.27249553125,1.4210854715202004E-14 -22.6925964375,-22.499999999999986 -22.6925964375,-22.499999999999986 -33.27249553125))	0
8	5	POLYGON ((1.4210854715202004E-14 -33.27249553125,22.500000000000014 -33.27249553125,22.500000000000014 -22.6925964375,1.4210854715202004E-14 -22.6925964375,1.4210854715202004E-14 -33.27249553125))	48
9	5	POLYGON ((22.500000000000014 -33.27249553125,45.000000000000014 -33.27249553125,45.000000000000014 -22.6925964375,22.500000000000014 -22.6925964375,22.500000000000014 -33.27249553125))	239
10	5	POLYGON ((45.000000000000014 -33.27249553125,67.50000000000001 -33.27249553125,67.50000000000001 -22.6925964375,45.000000000000014 -22.6925964375,45.000000000000014 -33.27249553125))	10
11	5	POLYGON ((67.50000000000001 -33.27249553125,90.00000000000003 -33.27249553125,90.00000000000003 -22.6925964375,67.50000000000001 -22.6925964375,67.50000000000001 -33.27249553125))	0
12	5	POLYGON ((90.00000000000003 -33.27249553125,112.50000000000003 -33.27249553125,112.50000000000003 -22.6925964375,90.00000000000003 -22.6925964375,90.00000000000003 -33.27249553125))	0
13	5	POLYGON ((112.50000000000003 -33.27249553125,135.00000000000003 -33.27249553125,135.00000000000003 -22.6925964375,112.50000000000003 -22.6925964375,112.50000000000003 -33.27249553125))	120
14	5	POLYGON ((135.00000000000003 -33.27249553125,157.50000000000003 -33.27249553125,157.50000000000003 -22.6925964375,135.00000000000003 -22.6925964375,135.00000000000003 -33.27249553125))	377
15	5	POLYGON ((157.50000000000003 -33.27249553125,180.00000000000003 -33.27249553125,180.00000000000003 -22.6925964375,157.50000000000003 -22.6925964375,157.50000000000003 -33.27249553125))	0
0	6	POLYGON ((-180.0 -22.6925964375,-157.5 -22.6925964375,-157.5 -12.11269734375,-180.0 -12.11269734375,-180.0 -22.6925964375))	36
1	6	POLYGON ((-157.5 -22.6925964375,-135.0 -22.6925964375,-135.0 -12.11269734375,-157.5 -12.11269734375,-157.5 -22.6925964375))	2
2	6	POLYGON ((-135.0 -22.6925964375,-112.5 -22.6925964375,-112.5 -12.11269734375,-135.0 -12.11269734375,-135.0 -22.6925964375))	0
3	6	POLYGON ((-112.5 -22.6925964375,-90.0 -22.6925964375,-90.0 -12.11269734375,-112.5 -12.11269734375,-112.5 -22.6925964375))	0
4	6	POLYGON ((-90.0 -22.6925964375,-67.5 -22.6925964375,-67.5 -12.11269734375,-90.0 -12.11269734375,-90.0 -22.6925964375))	199
5	6	POLYGON ((-67.5 -22.6925964375,-44.999999999999986 -22.6925964375,-44.999999999999986 -12.11269734375,-67.5 -12.11269734375,-67.5 -22.6925964375))	513
6	6	POLYGON ((-44.999999999999986 -22.6925964375,-22.499999999999986 -22.6925964375,-22.499999999999986 -12.11269734375,-44.999999999999986 -12.11269734375,-44.999999999999986 -22.6925964375))	207
7	6	POLYGON ((-22.499999999999986 -22.6925964375,1.4210854715202004E-14 -22.6925964375,1.4210854715202004E-14 -12.11269734375,-22.499999999999986 -12.11269734375,-22.499999999999986 -22.6925964375))	0
8	6	POLYGON ((1.4210854715202004E-14 -22.6925964375,22.500000000000014 -22.6925964375,22.500000000000014 -12.11269734375,1.4210854715202004E-14 -12.11269734375,1.4210854715202004E-14 -22.6925964375))	52
9	6	POLYGON ((22.500000000000014 -22.6925964375,45.000000000000014 -22.6925964375,45.000000000000014 -12.11269734375,22.500000000000014 -12.11269734375,22.500000000000014 -22.6925964375))	236
10	6	POLYGON ((45.000000000000014 -22.6925964375,67.50000000000001 -22.6925964375,67.50000000000001 -12.11269734375,45.000000000000014 -12.11269734375,45.000000000000014 -22.6925964375))	247
11	6	POLYGON ((67.50000000000001 -22.6925964375,90.00000000000003 -22.6925964375,90.00000000000003 -12.11269734375,67.50000000000001 -12.11269734375,67.50000000000001 -22.6925964375))	0
12	6	POLYGON ((90.00000000000003 -22.6925964375,112.50000000000003 -22.6925964375,112.50000000000003 -12.11269734375,90.00000000000003 -12.11269734375,90.00000000000003 -22.6925964375))	0
13	6	POLYGON ((112.50000000000003 -22.6925964375,135.00000000000003 -22.6925964375,135.00000000000003 -12.11269734375,112.50000000000003 -12.11269734375,112.50000000000003 -22.6925964375))	41
14	6	POLYGON ((135.00000000000003 -22.6925964375,157.50000000000003 -22.6925964375,157.50000000000003 -12.11269734375,135.00000000000003 -12.11269734375,135.00000000000003 -22.6925964375))	122
15	6	POLYGON ((157.50000000000003 -22.6925964375,180.00000000000003 -22.6925964375,180.00000000000003 -12.11269734375,157.50000000000003 -12.11269734375,157.50000000000003 -22.6925964375))	53
0	7	POLYGON ((-180.0 -12.11269734375,-157.5 -12.11269734375,-157.5 -1.532798249999999,-180.0 -1.532798249999999,-180.0 -12.11269734375))	0
1	7	POLYGON ((-157.5 -12.11269734375,-135.0 -12.11269734375,-135.0 -1.532798249999999,-157.5 -1.532798249999999,-157.5 -12.11269734375))	2
2	7	POLYGON ((-135.0 -12.11269734375,-112.5 -12.11269734375,-112.5 -1.532798249999999,-135.0 -1.532798249999999,-135.0 -12.11269734375))	0
3	7	POLYGON ((-112.5 -12.11269734375,-90.0 -12.11269734375,-90.0 -1.532798249999999,-112.5 -1.532798249999999,-112.5 -12.11269734375))	0
4	7	POLYGON ((-90.0 -12.11269734375,-67.5 -12.11269734375,-67.5 -1.532798249999999,-90.0 -1.532798249999999,-90.0 -12.11269734375))	372
5	7	POLYGON ((-67.5 -12.11269734375,-44.999999999999986 -12.11269734375,-44.999999999999986 -1.532798249999999,-67.5 -1.532798249999999,-67.5 -12.11269734375))	557
6	7	POLYGON ((-44.999999999999986 -12.11269734375,-22.499999999999986 -12.11269734375,-22.499999999999986 -1.532798249999999,-44.999999999999986 -1.532798249999999,-44.999999999999986 -12.11269734375))	334
7	7	POLYGON ((-22.499999999999986 -12.11269734375,1.4210854715202004E-14 -12.11269734375,1.4210854715202004E-14 -1.532798249999999,-22.499999999999986 -1.532798249999999,-22.499999999999986 -12.11269734375))	0
8	7	POLYGON ((1.4210854715202004E-14 -12.11269734375,22.500000000000014 -12.11269734375,22.500000000000014 -1.532798249999999,1.4210854715202004E-14 -1.532798249999999,1.4210854715202004E-14 -12.11269734375))	188
9	7	POLYGON ((22.500000000000014 -12.11269734375,45.000000000000014 -12.11269734375,45.000000000000014 -1.532798249999999,22.500000000000014 -1.532798249999999,22.500000000000014 -12.11269734375))	259
10	7	POLYGON ((45.000000000000014 -12.11269734375,67.50000000000001 -12.11269734375,67.50000000000001 -1.532798249999999,45.000000000000014 -1.532798249999999,45.000000000000014 -12.11269734375))	14
11	7	POLYGON ((67.50000000000001 -12.11269734375,90.00000000000003 -12.11269734375,90.00000000000003 -1.532798249999999,67.50000000000001 -1.532798249999999,67.50000000000001 -12.11269734375))	0
12	7	POLYGON ((90.00000000000003 -12.11269734375,112.50000000000003 -12.11269734375,112.50000000000003 -1.532798249999999,90.00000000000003 -1.532798249999999,90.00000000000003 -12.11269734375))	114
13	7	POLYGON ((112.50000000000003 -12.11269734375,135.00000000000003 -12.11269734375,135.00000000000003 -1.532798249999999,112.50000000000003 -1.532798249999999,112.50000000000003 -12.11269734375))	201
14	7	POLYGON ((135.00000000000003 -12.11269734375,157.50000000000003 -12.11269734375,157.50000000000003 -1.532798249999999,135.00000000000003 -1.532798249999999,135.00000000000003 -12.11269734375))	210
15	7	POLYGON ((157.50000000000003 -12.11269734375,180.00000000000003 -12.11269734375,180.00000000000003 -1.532798249999999,157.50000000000003 -1.532798249999999,157.50000000000003 -12.11269734375))	5
0	8	POLYGON ((-180.0 -1.532798249999999,-157.5 -1.532798249999999,-157.5 9.047100843750002,-180.0 9.047100843750002,-180.0 -1.532798249999999))	0
1	8	POLYGON ((-157.5 -1.532798249999999,-135.0 -1.532798249999999,-135.0 9.047100843750002,-157.5 9.047100843750002,-157.5 -1.532798249999999))	50
2	8	POLYGON ((-135.0 -1.532798249999999,-112.5 -1.532798249999999,-112.5 9.047100843750002,-135.0 9.047100843750002,-135.0 -1.532798249999999))	0
3	8	POLYGON ((-112.5 -1.532798249999999,-90.0 -1.532798249999999,-90.0 9.047100843750002,-112.5 9.047100843750002,-112.5 -1.532798249999999))	1
4	8	POLYGON ((-90.0 -1.532798249999999,-67.5 -1.532798249999999,-67.5 9.047100843750002,-90.0 9.047100843750002,-90.0 -1.532798249999999))	577
5	8	POLYGON ((-67.5 -1.532798249999999,-44.999999999999986 -1.532798249999999,-44.999999999999986 9.047100843750002,-67.5 9.047100843750002,-67.5 -1.532798249999999))	444
6	8	POLYGON ((-44.999999999999986 -1.532798249999999,-22.499999999999986 -1.532798249999999,-22.499999999999986 9.047100843750002,-44.999999999999986 9.047100843750002,-44.999999999999986 -1.532798249999999))	1
7	8	POLYGON ((-22.499999999999986 -1.532798249999999,1.4210854715202004E-14 -1.532798249999999,1.4210854715202004E-14 9.047100843750002,-22.499999999999986 9.047100843750002,-22.499999999999986 -1.532798249999999))	635
8	8	POLYGON ((1.4210854715202004E-14 -1.532798249999999,22.500000000000014 -1.532798249999999,22.500000000000014 9.047100843750002,1.4210854715202004E-14 9.047100843750002,1.4210854715202004E-14 -1.532798249999999))	655
9	8	POLYGON ((22.500000000000014 -1.532798249999999,45.000000000000014 -1.532798249999999,45.000000000000014 9.047100843750002,22.500000000000014 9.047100843750002,22.500000000000014 -1.532798249999999))	293
10	8	POLYGON ((45.000000000000014 -1.532798249999999,67.50000000000001 -1.532798249999999,67.50000000000001 9.047100843750002,45.000000000000014 9.047100843750002,45.000000000000014 -1.532798249999999))	1
11	8	POLYGON ((67.50000000000001 -1.532798249999999,90.00000000000003 -1.532798249999999,90.00000000000003 9.047100843750002,67.50000000000001 9.047100843750002,67.50000000000001 -1.532798249999999))	33
12	8	POLYGON ((90.00000000000003 -1.532798249999999,112.50000000000003 -1.532798249999999,112.50000000000003 9.047100843750002,90.00000000000003 9.047100843750002,90.00000000000003 -1.532798249999999))	465
13	8	POLYGON ((112.50000000000003 -1.532798249999999,135.00000000000003 -1.532798249999999,135.00000000000003 9.047100843750002,112.50000000000003 9.047100843750002,112.50000000000003 -1.532798249999999))	131
14	8	POLYGON ((135.00000000000003 -1.532798249999999,157.50000000000003 -1.532798249999999,157.50000000000003 9.047100843750002,135.00000000000003 9.047100843750002,135.00000000000003 -1.532798249999999))	0
15	8	POLYGON ((157.50000000000003 -1.532798249999999,180.00000000000003 -1.532798249999999,180.00000000000003 9.047100843750002,157.50000000000003 9.047100843750002,157.50000000000003 -1.532798249999999))	35
0	9	POLYGON ((-180.0 9.047100843750002,-157.5 9.047100843750002,-157.5 19.626999937500003,-180.0 19.626999937500003,-180.0 9.047100843750002))	0
1	9	POLYGON ((-157.5 9.047100843750002,-135.0 9.047100843750002,-135.0 19.626999937500003,-157.5 19.626999937500003,-157.5 9.047100843750002))	0
2	9	POLYGON ((-135.0 9.047100843750002,-112.5 9.047100843750002,-112.5 19.626999937500003,-135.0 19.626999937500003,-135.0 9.047100843750002))	0
3	9	POLYGON ((-112.5 9.047100843750002,-90.0 9.047100843750002,-90.0 19.626999937500003,-112.5 19.626999937500003,-112.5 9.047100843750002))	260
4	9	POLYGON ((-90.0 9.047100843750002,-67.5 9.047100843750002,-67.5 19.626999937500003,-90.0 19.626999937500003,-90.0 9.047100843750002))	686
5	9	POLYGON ((-67.5 9.047100843750002,-44.999999999999986 9.047100843750002,-44.999999999999986 19.626999937500003,-67.5 19.626999937500003,-67.5 9.047100843750002))	170
6	9	POLYGON ((-44.999999999999986 9.047100843750002,-22.499999999999986 9.047100843750002,-22.499999999999986 19.626999937500003,-44.999999999999986 19.626999937500003,-44.999999999999986 9.047100843750002))	0
7	9	POLYGON ((-22.499999999999986 9.047100843750002,1.4210854715202004E-14 9.047100843750002,1.4210854715202004E-14 19.626999937500003,-22.499999999999986 19.626999937500003,-22.499999999999986 9.047100843750002))	834
8	9	POLYGON ((1.4210854715202004E-14 9.047100843750002,22.500000000000014 9.047100843750002,22.500000000000014 19.626999937500003,1.4210854715202004E-14 19.626999937500003,1.4210854715202004E-14 9.047100843750002))	199
9	9	POLYGON ((22.500000000000014 9.047100843750002,45.000000000000014 9.047100843750002,45.000000000000014 19.626999937500003,22.500000000000014 19.626999937500003,22.500000000000014 9.047100843750002))	97
10	9	POLYGON ((45.000000000000014 9.047100843750002,67.50000000000001 9.047100843750002,67.50000000000001 19.626999937500003,45.000000000000014 19.626999937500003,45.000000000000014 9.047100843750002))	1
11	9	POLYGON ((67.50000000000001 9.047100843750002,90.00000000000003 9.047100843750002,90.00000000000003 19.626999937500003,67.50000000000001 19.626999937500003,67.50000000000001 9.047100843750002))	2178
12	9	POLYGON ((90.00000000000003 9.047100843750002,112.50000000000003 9.047100843750002,112.50000000000003 19.626999937500003,90.00000000000003 19.626999937500003,90.00000000000003 9.047100843750002))	838
13	9	POLYGON ((112.50000000000003 9.047100843750002,135.00000000000003 9.047100843750002,135.00000000000003 19.626999937500003,112.50000000000003 19.626999937500003,112.50000000000003 9.047100843750002))	539
14	9	POLYGON ((135.00000000000003 9.047100843750002,157.50000000000003 9.047100843750002,157.50000000000003 19.626999937500003,135.00000000000003 19.626999937500003,135.00000000000003 9.047100843750002))	14
15	9	POLYGON ((157.50000000000003 9.047100843750002,180.00000000000003 9.047100843750002,180.00000000000003 19.626999937500003,157.50000000000003 19.626999937500003,157.50000000000003 9.047100843750002))	0
0	10	POLYGON ((-180.0 19.626999937500003,-157.5 19.626999937500003,-157.5 30.206899031250003,-180.0 30.206899031250003,-180.0 19.626999937500003))	27
1	10	POLYGON ((-157.5 19.626999937500003,-135.0 19.626999937500003,-135.0 30.206899031250003,-157.5 30.206899031250003,-157.5 19.626999937500003))	2
2	10	POLYGON ((-135.0 19.626999937500003,-112.5 19.626999937500003,-112.5 30.206899031250003,-135.0 30.206899031250003,-135.0 19.626999937500003))	2
3	10	POLYGON ((-112.5 19.626999937500003,-90.0 19.626999937500003,-90.0 30.206899031250003,-112.5 30.206899031250003,-112.5 19.626999937500003))	2018
4	10	POLYGON ((-90.0 19.626999937500003,-67.5 19.626999937500003,-67.5 30.206899031250003,-90.0 30.206899031250003,-90.0 19.626999937500003))	4748
5	10	POLYGON ((-67.5 19.626999937500003,-44.999999999999986 19.626999937500003,-44.999999999999986 30.206899031250003,-67.5 30.206899031250003,-67.5 19.626999937500003))	0
6	10	POLYGON ((-44.999999999999986 19.626999937500003,-22.499999999999986 19.626999937500003,-22.499999999999986 30.206899031250003,-44.999999999999986 30.206899031250003,-44.999999999999986 19.626999937500003))	0
7	10	POLYGON ((-22.499999999999986 19.626999937500003,1.4210854715202004E-14 19.626999937500003,1.4210854715202004E-14 30.206899031250003,-22.499999999999986 30.206899031250003,-22.499999999999986 19.626999937500003))	27
8	10	POLYGON ((1.4210854715202004E-14 19.626999937500003,22.500000000000014 19.626999937500003,22.500000000000014 30.206899031250003,1.4210854715202004E-14 30.206899031250003,1.4210854715202004E-14 19.626999937500003))	12
9	10	POLYGON ((22.500000000000014 19.626999937500003,45.000000000000014 19.626999937500003,45.000000000000014 30.206899031250003,22.500000000000014 30.206899031250003,22.500000000000014 19.626999937500003))	128
10	10	POLYGON ((45.000000000000014 19.626999937500003,67.50000000000001 19.626999937500003,67.50000000000001 30.206899031250003,45.000000000000014 30.206899031250003,45.000000000000014 19.626999937500003))	149
11	10	POLYGON ((67.50000000000001 19.626999937500003,90.00000000000003 19.626999937500003,90.00000000000003 30.206899031250003,67.50000000000001 30.206899031250003,67.50000000000001 19.626999937500003))	2521
12	10	POLYGON ((90.00000000000003 19.626999937500003,112.50000000000003 19.626999937500003,112.50000000000003 30.206899031250003,90.00000000000003 30.206899031250003,90.00000000000003 19.626999937500003))	757
13	10	POLYGON ((112.50000000000003 19.626999937500003,135.00000000000003 19.626999937500003,135.00000000000003 30.206899031250003,112.50000000000003 30.206899031250003,112.50000000000003 19.626999937500003))	804
14	10	POLYGON ((135.00000000000003 19.626999937500003,157.50000000000003 19.626999937500003,157.50000000000003 30.206899031250003,135.00000000000003 30.206899031250003,135.00000000000003 19.626999937500003))	0
15	10	POLYGON ((157.50000000000003 19.626999937500003,180.00000000000003 19.626999937500003,180.00000000000003 30.206899031250003,157.50000000000003 30.206899031250003,157.50000000000003 19.626999937500003))	0
0	11	POLYGON ((-180.0 30.206899031250003,-157.5 30.206899031250003,-157.5 40.786798125000004,-180.0 40.786798125000004,-180.0 30.206899031250003))	0
1	11	POLYGON ((-157.5 30.206899031250003,-135.0 30.206899031250003,-135.0 40.786798125000004,-157.5 40.786798125000004,-157.5 30.206899031250003))	0
2	11	POLYGON ((-135.0 30.206899031250003,-112.5 30.206899031250003,-112.5 40.786798125000004,-135.0 40.786798125000004,-135.0 30.206899031250003))	1818
3	11	POLYGON ((-112.5 30.206899031250003,-90.0 30.206899031250003,-90.0 40.786798125000004,-112.5 40.786798125000004,-112.5 30.206899031250003))	2588
4	11	POLYGON ((-90.0 30.206899031250003,-67.5 30.206899031250003,-67.5 40.786798125000004,-90.0 40.786798125000004,-90.0 30.206899031250003))	7906
5	11	POLYGON ((-67.5 30.206899031250003,-44.999999999999986 30.206899031250003,-44.999999999999986 40.786798125000004,-67.5 40.786798125000004,-67.5 30.206899031250003))	2
6	11	POLYGON ((-44.999999999999986 30.206899031250003,-22.499999999999986 30.206899031250003,-22.499999999999986 40.786798125000004,-44.999999999999986 40.786798125000004,-44.999999999999986 30.206899031250003))	0
7	11	POLYGON ((-22.499999999999986 30.206899031250003,1.4210854715202004E-14 30.206899031250003,1.4210854715202004E-14 40.786798125000004,-22.499999999999986 40.786798125000004,-22.499999999999986 30.206899031250003))	446
8	11	POLYGON ((1.4210854715202004E-14 30.206899031250003,22.500000000000014 30.206899031250003,22.500000000000014 40.786798125000004,1.4210854715202004E-14 40.786798125000004,1.4210854715202004E-14 30.206899031250003))	239
9	11	POLYGON ((22.500000000000014 30.206899031250003,45.000000000000014 30.206899031250003,45.000000000000014 40.786798125000004,22.500000000000014 40.786798125000004,22.500000000000014 30.206899031250003))	583
10	11	POLYGON ((45.000000000000014 30.206899031250003,67.50000000000001 30.206899031250003,67.50000000000001 40.786798125000004,45.000000000000014 40.786798125000004,45.000000000000014 30.206899031250003))	212
11	11	POLYGON ((67.50000000000001 30.206899031250003,90.00000000000003 30.206899031250003,90.00000000000003 40.786798125000004,67.50000000000001 40.786798125000004,67.50000000000001 30.206899031250003))	316
12	11	POLYGON ((90.00000000000003 30.206899031250003,112.50000000000003 30.206899031250003,112.50000000000003 40.786798125000004,90.00000000000003 40.786798125000004,90.00000000000003 30.206899031250003))	277
13	11	POLYGON ((112.50000000000003 30.206899031250003,135.00000000000003 30.206899031250003,135.00000000000003 40.786798125000004,112.50000000000003 40.786798125000004,112.50000000000003 30.206899031250003))	916
14	11	POLYGON ((135.00000000000003 30.206899031250003,157.50000000000003 30.206899031250003,157.50000000000003 40.786798125000004,135.00000000000003 40.786798125000004,135.00000000000003 30.206899031250003))	327
15	11	POLYGON ((157.50000000000003 30.206899031250003,180.00000000000003 30.206899031250003,180.00000000000003 40.786798125000004,157.50000000000003 40.786798125000004,157.50000000000003 30.206899031250003))	0
0	12	POLYGON ((-180.0 40.786798125000004,-157.5 40.786798125000004,-157.5 51.366697218750005,-180.0 51.366697218750005,-180.0 40.786798125000004))	0
1	12	POLYGON ((-157.5 40.786798125000004,-135.0 40.786798125000004,-135.0 51.366697218750005,-157.5 51.366697218750005,-157.5 40.786798125000004))	0
2	12	POLYGON ((-135.0 40.786798125000004,-112.5 40.786798125000004,-112.5 51.366697218750005,-135.0 51.366697218750005,-135.0 40.786798125000004))	3869
3	12	POLYGON ((-112.5 40.786798125000004,-90.0 40.786798125000004,-90.0 51.366697218750005,-112.5 51.366697218750005,-112.5 40.786798125000004))	15842
4	12	POLYGON ((-90.0 40.786798125000004,-67.5 40.786798125000004,-67.5 51.366697218750005,-90.0 51.366697218750005,-90.0 40.786798125000004))	74448
5	12	POLYGON ((-67.5 40.786798125000004,-44.999999999999986 40.786798125000004,-44.999999999999986 51.366697218750005,-67.5 51.366697218750005,-67.5 40.786798125000004))	29706
6	12	POLYGON ((-44.999999999999986 40.786798125000004,-22.499999999999986 40.786798125000004,-22.499999999999986 51.366697218750005,-44.999999999999986 51.366697218750005,-44.999999999999986 40.786798125000004))	0
7	12	POLYGON ((-22.499999999999986 40.786798125000004,1.4210854715202004E-14 40.786798125000004,1.4210854715202004E-14 51.366697218750005,-22.499999999999986 51.366697218750005,-22.499999999999986 40.786798125000004))	2589
8	12	POLYGON ((1.4210854715202004E-14 40.786798125000004,22.500000000000014 40.786798125000004,22.500000000000014 51.366697218750005,1.4210854715202004E-14 51.366697218750005,1.4210854715202004E-14 40.786798125000004))	14659
9	12	POLYGON ((22.500000000000014 40.786798125000004,45.000000000000014 40.786798125000004,45.000000000000014 51.366697218750005,22.500000000000014 51.366697218750005,22.500000000000014 40.786798125000004))	3906
10	12	POLYGON ((45.000000000000014 40.786798125000004,67.50000000000001 40.786798125000004,67.50000000000001 51.366697218750005,45.000000000000014 51.366697218750005,45.000000000000014 40.786798125000004))	241
11	12	POLYGON ((67.50000000000001 40.786798125000004,90.00000000000003 40.786798125000004,90.00000000000003 51.366697218750005,67.50000000000001 51.366697218750005,67.50000000000001 40.786798125000004))	378
12	12	POLYGON ((90.00000000000003 40.786798125000004,112.50000000000003 40.786798125000004,112.50000000000003 51.366697218750005,90.00000000000003 51.366697218750005,90.00000000000003 40.786798125000004))	105
13	12	POLYGON ((112.50000000000003 40.786798125000004,135.00000000000003 40.786798125000004,135.00000000000003 51.366697218750005,112.50000000000003 51.366697218750005,112.50000000000003 40.786798125000004))	554
14	12	POLYGON ((135.00000000000003 40.786798125000004,157.50000000000003 40.786798125000004,157.50000000000003 51.366697218750005,135.00000000000003 51.366697218750005,135.00000000000003 40.786798125000004))	748
15	12	POLYGON ((157.50000000000003 40.786798125000004,180.00000000000003 40.786798125000004,180.00000000000003 51.366697218750005,157.50000000000003 51.366697218750005,157.50000000000003 40.786798125000004))	0
0	13	POLYGON ((-180.0 51.366697218750005,-157.5 51.366697218750005,-157.5 61.94659631250001,-180.0 61.94659631250001,-180.0 51.366697218750005))	209
1	13	POLYGON ((-157.5 51.366697218750005,-135.0 51.366697218750005,-135.0 61.94659631250001,-157.5 61.94659631250001,-157.5 51.366697218750005))	1509
2	13	POLYGON ((-135.0 51.366697218750005,-112.5 51.366697218750005,-112.5 61.94659631250001,-135.0 61.94659631250001,-135.0 51.366697218750005))	12977
3	13	POLYGON ((-112.5 51.366697218750005,-90.0 51.366697218750005,-90.0 61.94659631250001,-112.5 61.94659631250001,-112.5 51.366697218750005))	15918
4	13	POLYGON ((-90.0 51.366697218750005,-67.5 51.366697218750005,-67.5 61.94659631250001,-90.0 61.94659631250001,-90.0 51.366697218750005))	6417
5	13	POLYGON ((-67.5 51.366697218750005,-44.999999999999986 51.366697218750005,-44.999999999999986 61.94659631250001,-67.5 61.94659631250001,-67.5 51.366697218750005))	36498
6	13	POLYGON ((-44.999999999999986 51.366697218750005,-22.499999999999986 51.366697218750005,-22.499999999999986 61.94659631250001,-44.999999999999986 61.94659631250001,-44.999999999999986 51.366697218750005))	2
7	13	POLYGON ((-22.499999999999986 51.366697218750005,1.4210854715202004E-14 51.366697218750005,1.4210854715202004E-14 61.94659631250001,-22.499999999999986 61.94659631250001,-22.499999999999986 51.366697218750005))	5853
8	13	POLYGON ((1.4210854715202004E-14 51.366697218750005,22.500000000000014 51.366697218750005,22.500000000000014 61.94659631250001,1.4210854715202004E-14 61.94659631250001,1.4210854715202004E-14 51.366697218750005))	24808
9	13	POLYGON ((22.500000000000014 51.366697218750005,45.000000000000014 51.366697218750005,45.000000000000014 61.94659631250001,22.500000000000014 61.94659631250001,22.500000000000014 51.366697218750005))	17136
10	13	POLYGON ((45.000000000000014 51.366697218750005,67.50000000000001 51.366697218750005,67.50000000000001 61.94659631250001,45.000000000000014 61.94659631250001,45.000000000000014 51.366697218750005))	6287
11	13	POLYGON ((67.50000000000001 51.366697218750005,90.00000000000003 51.366697218750005,90.00000000000003 61.94659631250001,67.50000000000001 61.94659631250001,67.50000000000001 51.366697218750005))	2970
12	13	POLYGON ((90.00000000000003 51.366697218750005,112.50000000000003 51.366697218750005,112.50000000000003 61.94659631250001,90.00000000000003 61.94659631250001,90.00000000000003 51.366697218750005))	841
13	13	POLYGON ((112.50000000000003 51.366697218750005,135.00000000000003 51.366697218750005,135.00000000000003 61.94659631250001,112.50000000000003 61.94659631250001,112.50000000000003 51.366697218750005))	249
14	13	POLYGON ((135.00000000000003 51.366697218750005,157.50000000000003 51.366697218750005,157.50000000000003 61.94659631250001,135.00000000000003 61.94659631250001,135.00000000000003 51.366697218750005))	1121
15	13	POLYGON ((157.50000000000003 51.366697218750005,180.00000000000003 51.366697218750005,180.00000000000003 61.94659631250001,157.50000000000003 61.94659631250001,157.50000000000003 51.366697218750005))	352
0	14	POLYGON ((-180.0 61.94659631250001,-157.5 61.94659631250001,-157.5 72.52649540625,-180.0 72.52649540625,-180.0 61.94659631250001))	480
1	14	POLYGON ((-157.5 61.94659631250001,-135.0 61.94659631250001,-135.0 72.52649540625,-157.5 72.52649540625,-157.5 61.94659631250001))	867
2	14	POLYGON ((-135.0 61.94659631250001,-112.5 61.94659631250001,-112.5 72.52649540625,-135.0 72.52649540625,-135.0 61.94659631250001))	3568
3	14	POLYGON ((-112.5 61.94659631250001,-90.0 61.94659631250001,-90.0 72.52649540625,-112.5 72.52649540625,-112.5 61.94659631250001))	2555
4	14	POLYGON ((-90.0 61.94659631250001,-67.5 61.94659631250001,-67.5 72.52649540625,-90.0 72.52649540625,-90.0 61.94659631250001))	152
5	14	POLYGON ((-67.5 61.94659631250001,-44.999999999999986 61.94659631250001,-44.999999999999986 72.52649540625,-67.5 72.52649540625,-67.5 61.94659631250001))	229
6	14	POLYGON ((-44.999999999999986 61.94659631250001,-22.499999999999986 61.94659631250001,-22.499999999999986 72.52649540625,-44.999999999999986 72.52649540625,-44.999999999999986 61.94659631250001))	8
7	14	POLYGON ((-22.499999999999986 61.94659631250001,1.4210854715202004E-14 61.94659631250001,1.4210854715202004E-14 72.52649540625,-22.499999999999986 72.52649540625,-22.499999999999986 61.94659631250001))	130
8	14	POLYGON ((1.4210854715202004E-14 61.94659631250001,22.500000000000014 61.94659631250001,22.500000000000014 72.52649540625,1.4210854715202004E-14 72.52649540625,1.4210854715202004E-14 61.94659631250001))	3728
9	14	POLYGON ((22.500000000000014 61.94659631250001,45.000000000000014 61.94659631250001,45.000000000000014 72.52649540625,22.500000000000014 72.52649540625,22.500000000000014 61.94659631250001))	11225
10	14	POLYGON ((45.000000000000014 61.94659631250001,67.50000000000001 61.94659631250001,67.50000000000001 72.52649540625,45.000000000000014 72.52649540625,45.000000000000014 61.94659631250001))	1961
11	14	POLYGON ((67.50000000000001 61.94659631250001,90.00000000000003 61.94659631250001,90.00000000000003 72.52649540625,67.50000000000001 72.52649540625,67.50000000000001 61.94659631250001))	2162
12	14	POLYGON ((90.00000000000003 61.94659631250001,112.50000000000003 61.94659631250001,112.50000000000003 72.52649540625,90.00000000000003 72.52649540625,90.00000000000003 61.94659631250001))	173
13	14	POLYGON ((112.50000000000003 61.94659631250001,135.00000000000003 61.94659631250001,135.00000000000003 72.52649540625,112.50000000000003 72.52649540625,112.50000000000003 61.94659631250001))	552
14	14	POLYGON ((135.00000000000003 61.94659631250001,157.50000000000003 61.94659631250001,157.50000000000003 72.52649540625,135.00000000000003 72.52649540625,135.00000000000003 61.94659631250001))	2903
15	14	POLYGON ((157.50000000000003 61.94659631250001,180.00000000000003 61.94659631250001,180.00000000000003 72.52649540625,157.50000000000003 72.52649540625,157.50000000000003 61.94659631250001))	1408
0	15	POLYGON ((-180.0 72.52649540625,-157.5 72.52649540625,-157.5 83.10639450000001,-180.0 83.10639450000001,-180.0 72.52649540625))	0
1	15	POLYGON ((-157.5 72.52649540625,-135.0 72.52649540625,-135.0 83.10639450000001,-157.5 83.10639450000001,-157.5 72.52649540625))	0
2	15	POLYGON ((-135.0 72.52649540625,-112.5 72.52649540625,-112.5 83.10639450000001,-135.0 83.10639450000001,-135.0 72.52649540625))	2
3	15	POLYGON ((-112.5 72.52649540625,-90.0 72.52649540625,-90.0 83.10639450000001,-112.5 83.10639450000001,-112.5 72.52649540625))	5
4	15	POLYGON ((-90.0 72.52649540625,-67.5 72.52649540625,-67.5 83.10639450000001,-90.0 83.10639450000001,-90.0 72.52649540625))	99
5	15	POLYGON ((-67.5 72.52649540625,-44.999999999999986 72.52649540625,-44.999999999999986 83.10639450000001,-67.5 83.10639450000001,-67.5 72.52649540625))	25
6	15	POLYGON ((-44.999999999999986 72.52649540625,-22.499999999999986 72.52649540625,-22.499999999999986 83.10639450000001,-44.999999999999986 83.10639450000001,-44.999999999999986 72.52649540625))	0
7	15	POLYGON ((-22.499999999999986 72.52649540625,1.4210854715202004E-14 72.52649540625,1.4210854715202004E-14 83.10639450000001,-22.499999999999986 83.10639450000001,-22.499999999999986 72.52649540625))	0
8	15	POLYGON ((1.4210854715202004E-14 72.52649540625,22.500000000000014 72.52649540625,22.500000000000014 83.10639450000001,1.4210854715202004E-14 83.10639450000001,1.4210854715202004E-14 72.52649540625))	17
9	15	POLYGON ((22.500000000000014 72.52649540625,45.000000000000014 72.52649540625,45.000000000000014 83.10639450000001,22.500000000000014 83.10639450000001,22.500000000000014 72.52649540625))	1
10	15	POLYGON ((45.000000000000014 72.52649540625,67.50000000000001 72.52649540625,67.50000000000001 83.10639450000001,45.000000000000014 83.10639450000001,45.000000000000014 72.52649540625))	27
11	15	POLYGON ((67.50000000000001 72.52649540625,90.00000000000003 72.52649540625,90.00000000000003 83.10639450000001,67.50000000000001 83.10639450000001,67.50000000000001 72.52649540625))	143
12	15	POLYGON ((90.00000000000003 72.52649540625,112.50000000000003 72.52649540625,112.50000000000003 83.10639450000001,90.00000000000003 83.10639450000001,90.00000000000003 72.52649540625))	313
13	15	POLYGON ((112.50000000000003 72.52649540625,135.00000000000003 72.52649540625,135.00000000000003 83.10639450000001,112.50000000000003 83.10639450000001,112.50000000000003 72.52649540625))	118
14	15	POLYGON ((135.00000000000003 72.52649540625,157.50000000000003 72.52649540625,157.50000000000003 83.10639450000001,135.00000000000003 83.10639450000001,135.00000000000003 72.52649540625))	3
15	15	POLYGON ((157.50000000000003 72.52649540625,180.00000000000003 72.52649540625,180.00000000000003 83.10639450000001,157.50000000000003 83.10639450000001,157.50000000000003 72.52649540625))	0
