Column	Row	Geometry	Frequency
0	0	POLYGON ((-180.0 -85.7636347,-157.5 -85.7636347,-157.5 -75.17460469999999,-180.0 -75.17460469999999,-180.0 -85.7636347))	8
1	0	POLYGON ((-157.5 -85.7636347,-135.0 -85.7636347,-135.0 -75.17460469999999,-157.5 -75.17460469999999,-157.5 -85.7636347))	26
2	0	POLYGON ((-135.0 -85.7636347,-112.5 -85.7636347,-112.5 -75.17460469999999,-135.0 -75.17460469999999,-135.0 -85.7636347))	0
3	0	POLYGON ((-112.5 -85.7636347,-90.0 -85.7636347,-90.0 -75.17460469999999,-112.5 -75.17460469999999,-112.5 -85.7636347))	2
4	0	POLYGON ((-90.0 -85.7636347,-67.5 -85.7636347,-67.5 -75.17460469999999,-90.0 -75.17460469999999,-90.0 -85.7636347))	1
5	0	POLYGON ((-67.5 -85.7636347,-44.999999999999986 -85.7636347,-44.999999999999986 -75.17460469999999,-67.5 -75.17460469999999,-67.5 -85.7636347))	2
6	0	POLYGON ((-44.999999999999986 -85.7636347,-22.499999999999986 -85.7636347,-22.499999999999986 -75.17460469999999,-44.999999999999986 -75.17460469999999,-44.999999999999986 -85.7636347))	18
7	0	POLYGON ((-22.499999999999986 -85.7636347,1.4210854715202004E-14 -85.7636347,1.4210854715202004E-14 -75.17460469999999,-22.499999999999986 -75.17460469999999,-22.499999999999986 -85.7636347))	0
8	0	POLYGON ((1.4210854715202004E-14 -85.7636347,22.500000000000014 -85.7636347,22.500000000000014 -75.17460469999999,1.4210854715202004E-14 -75.17460469999999,1.4210854715202004E-14 -85.7636347))	0
9	0	POLYGON ((22.500000000000014 -85.7636347,45.000000000000014 -85.7636347,45.000000000000014 -75.17460469999999,22.500000000000014 -75.17460469999999,22.500000000000014 -85.7636347))	0
10	0	POLYGON ((45.000000000000014 -85.7636347,67.50000000000001 -85.7636347,67.50000000000001 -75.17460469999999,45.000000000000014 -75.17460469999999,45.000000000000014 -85.7636347))	0
11	0	POLYGON ((67.50000000000001 -85.7636347,90.00000000000003 -85.7636347,90.00000000000003 -75.17460469999999,67.50000000000001 -75.17460469999999,67.50000000000001 -85.7636347))	0
12	0	POLYGON ((90.00000000000003 -85.7636347,112.50000000000003 -85.7636347,112.50000000000003 -75.17460469999999,90.00000000000003 -75.17460469999999,90.00000000000003 -85.7636347))	0
13	0	POLYGON ((112.50000000000003 -85.7636347,135.00000000000003 -85.7636347,135.00000000000003 -75.17460469999999,112.50000000000003 -75.17460469999999,112.50000000000003 -85.7636347))	0
14	0	POLYGON ((135.00000000000003 -85.7636347,157.50000000000003 -85.7636347,157.50000000000003 -75.17460469999999,135.00000000000003 -75.17460469999999,135.00000000000003 -85.7636347))	2
15	0	POLYGON ((157.50000000000003 -85.7636347,180.00000000000003 -85.7636347,180.00000000000003 -75.17460469999999,157.50000000000003 -75.17460469999999,157.50000000000003 -85.7636347))	147
0	1	POLYGON ((-180.0 -75.17460469999999,-157.5 -75.17460469999999,-157.5 -64.5855747,-180.0 -64.5855747,-180.0 -75.17460469999999))	5
1	1	POLYGON ((-157.5 -75.17460469999999,-135.0 -75.17460469999999,-135.0 -64.5855747,-157.5 -64.5855747,-157.5 -75.17460469999999))	14
2	1	POLYGON ((-135.0 -75.17460469999999,-112.5 -75.17460469999999,-112.5 -64.5855747,-135.0 -64.5855747,-135.0 -75.17460469999999))	21
3	1	POLYGON ((-112.5 -75.17460469999999,-90.0 -75.17460469999999,-90.0 -64.5855747,-112.5 -64.5855747,-112.5 -75.17460469999999))	120
4	1	POLYGON ((-90.0 -75.17460469999999,-67.5 -75.17460469999999,-67.5 -64.5855747,-90.0 -64.5855747,-90.0 -75.17460469999999))	273
5	1	POLYGON ((-67.5 -75.17460469999999,-44.999999999999986 -75.17460469999999,-44.999999999999986 -64.5855747,-67.5 -64.5855747,-67.5 -75.17460469999999))	880
6	1	POLYGON ((-44.999999999999986 -75.17460469999999,-22.499999999999986 -75.17460469999999,-22.499999999999986 -64.5855747,-44.999999999999986 -64.5855747,-44.999999999999986 -75.17460469999999))	0
7	1	POLYGON ((-22.499999999999986 -75.17460469999999,1.4210854715202004E-14 -75.17460469999999,1.4210854715202004E-14 -64.5855747,-22.499999999999986 -64.5855747,-22.499999999999986 -75.17460469999999))	13
8	1	POLYGON ((1.4210854715202004E-14 -75.17460469999999,22.500000000000014 -75.17460469999999,22.500000000000014 -64.5855747,1.4210854715202004E-14 -64.5855747,1.4210854715202004E-14 -75.17460469999999))	41
9	1	POLYGON ((22.500000000000014 -75.17460469999999,45.000000000000014 -75.17460469999999,45.000000000000014 -64.5855747,22.500000000000014 -64.5855747,22.500000000000014 -75.17460469999999))	237
10	1	POLYGON ((45.000000000000014 -75.17460469999999,67.50000000000001 -75.17460469999999,67.50000000000001 -64.5855747,45.000000000000014 -64.5855747,45.000000000000014 -75.17460469999999))	596
11	1	POLYGON ((67.50000000000001 -75.17460469999999,90.00000000000003 -75.17460469999999,90.00000000000003 -64.5855747,67.50000000000001 -64.5855747,67.50000000000001 -75.17460469999999))	1965
12	1	POLYGON ((90.00000000000003 -75.17460469999999,112.50000000000003 -75.17460469999999,112.50000000000003 -64.5855747,90.00000000000003 -64.5855747,90.00000000000003 -75.17460469999999))	223
13	1	POLYGON ((112.50000000000003 -75.17460469999999,135.00000000000003 -75.17460469999999,135.00000000000003 -64.5855747,112.50000000000003 -64.5855747,112.50000000000003 -75.17460469999999))	19
14	1	POLYGON ((135.00000000000003 -75.17460469999999,157.50000000000003 -75.17460469999999,157.50000000000003 -64.5855747,135.00000000000003 -64.5855747,135.00000000000003 -75.17460469999999))	115
15	1	POLYGON ((157.50000000000003 -75.17460469999999,180.00000000000003 -75.17460469999999,180.00000000000003 -64.5855747,157.50000000000003 -64.5855747,157.50000000000003 -75.17460469999999))	279
0	2	POLYGON ((-180.0 -64.5855747,-157.5 -64.5855747,-157.5 -53.99654469999999,-180.0 -53.99654469999999,-180.0 -64.5855747))	0
1	2	POLYGON ((-157.5 -64.5855747,-135.0 -64.5855747,-135.0 -53.99654469999999,-157.5 -53.99654469999999,-157.5 -64.5855747))	0
2	2	POLYGON ((-135.0 -64.5855747,-112.5 -64.5855747,-112.5 -53.99654469999999,-135.0 -53.99654469999999,-135.0 -64.5855747))	0
3	2	POLYGON ((-112.5 -64.5855747,-90.0 -64.5855747,-90.0 -53.99654469999999,-112.5 -53.99654469999999,-112.5 -64.5855747))	0
4	2	POLYGON ((-90.0 -64.5855747,-67.5 -64.5855747,-67.5 -53.99654469999999,-90.0 -53.99654469999999,-90.0 -64.5855747))	1412
5	2	POLYGON ((-67.5 -64.5855747,-44.999999999999986 -64.5855747,-44.999999999999986 -53.99654469999999,-67.5 -53.99654469999999,-67.5 -64.5855747))	1546
6	2	POLYGON ((-44.999999999999986 -64.5855747,-22.499999999999986 -64.5855747,-22.499999999999986 -53.99654469999999,-44.999999999999986 -53.99654469999999,-44.999999999999986 -64.5855747))	93
7	2	POLYGON ((-22.499999999999986 -64.5855747,1.4210854715202004E-14 -64.5855747,1.4210854715202004E-14 -53.99654469999999,-22.499999999999986 -53.99654469999999,-22.499999999999986 -64.5855747))	0
8	2	POLYGON ((1.4210854715202004E-14 -64.5855747,22.500000000000014 -64.5855747,22.500000000000014 -53.99654469999999,1.4210854715202004E-14 -53.99654469999999,1.4210854715202004E-14 -64.5855747))	0
9	2	POLYGON ((22.500000000000014 -64.5855747,45.000000000000014 -64.5855747,45.000000000000014 -53.99654469999999,22.500000000000014 -53.99654469999999,22.500000000000014 -64.5855747))	0
10	2	POLYGON ((45.000000000000014 -64.5855747,67.50000000000001 -64.5855747,67.50000000000001 -53.99654469999999,45.000000000000014 -53.99654469999999,45.000000000000014 -64.5855747))	0
11	2	POLYGON ((67.50000000000001 -64.5855747,90.00000000000003 -64.5855747,90.00000000000003 -53.99654469999999,67.50000000000001 -53.99654469999999,67.50000000000001 -64.5855747))	0
12	2	POLYGON ((90.00000000000003 -64.5855747,112.50000000000003 -64.5855747,112.50000000000003 -53.99654469999999,90.00000000000003 -53.99654469999999,90.00000000000003 -64.5855747))	0
13	2	POLYGON ((112.50000000000003 -64.5855747,135.00000000000003 -64.5855747,135.00000000000003 -53.99654469999999,112.50000000000003 -53.99654469999999,112.50000000000003 -64.5855747))	0
14	2	POLYGON ((135.00000000000003 -64.5855747,157.50000000000003 -64.5855747,157.50000000000003 -53.99654469999999,135.00000000000003 -53.99654469999999,135.00000000000003 -64.5855747))	0
15	2	POLYGON ((157.50000000000003 -64.5855747,180.00000000000003 -64.5855747,180.00000000000003 -53.99654469999999,157.50000000000003 -53.99654469999999,157.50000000000003 -64.5855747))	90
0	3	POLYGON ((-180.0 -53.99654469999999,-157.5 -53.99654469999999,-157.5 -43.40751469999999,-180.0 -43.40751469999999,-180.0 -53.99654469999999))	348
1	3	POLYGON ((-157.5 -53.99654469999999,-135.0 -53.99654469999999,-135.0 -43.40751469999999,-157.5 -43.40751469999999,-157.5 -53.99654469999999))	0
2	3	POLYGON ((-135.0 -53.99654469999999,-112.5 -53.99654469999999,-112.5 -43.40751469999999,-135.0 -43.40751469999999,-135.0 -53.99654469999999))	0
3	3	POLYGON ((-112.5 -53.99654469999999,-90.0 -53.99654469999999,-90.0 -43.40751469999999,-112.5 -43.40751469999999,-112.5 -53.99654469999999))	0
4	3	POLYGON ((-90.0 -53.99654469999999,-67.5 -53.99654469999999,-67.5 -43.40751469999999,-90.0 -43.40751469999999,-90.0 -53.99654469999999))	7008
5	3	POLYGON ((-67.5 -53.99654469999999,-44.999999999999986 -53.99654469999999,-44.999999999999986 -43.40751469999999,-67.5 -43.40751469999999,-67.5 -53.99654469999999))	640
6	3	POLYGON ((-44.999999999999986 -53.99654469999999,-22.499999999999986 -53.99654469999999,-22.499999999999986 -43.40751469999999,-44.999999999999986 -43.40751469999999,-44.999999999999986 -53.99654469999999))	0
7	3	POLYGON ((-22.499999999999986 -53.99654469999999,1.4210854715202004E-14 -53.99654469999999,1.4210854715202004E-14 -43.40751469999999,-22.499999999999986 -43.40751469999999,-22.499999999999986 -53.99654469999999))	0
8	3	POLYGON ((1.4210854715202004E-14 -53.99654469999999,22.500000000000014 -53.99654469999999,22.500000000000014 -43.40751469999999,1.4210854715202004E-14 -43.40751469999999,1.4210854715202004E-14 -53.99654469999999))	0
9	3	POLYGON ((22.500000000000014 -53.99654469999999,45.000000000000014 -53.99654469999999,45.000000000000014 -43.40751469999999,22.500000000000014 -43.40751469999999,22.500000000000014 -53.99654469999999))	20
10	3	POLYGON ((45.000000000000014 -53.99654469999999,67.50000000000001 -53.99654469999999,67.50000000000001 -43.40751469999999,45.000000000000014 -43.40751469999999,45.000000000000014 -53.99654469999999))	64
11	3	POLYGON ((67.50000000000001 -53.99654469999999,90.00000000000003 -53.99654469999999,90.00000000000003 -43.40751469999999,67.50000000000001 -43.40751469999999,67.50000000000001 -53.99654469999999))	81
12	3	POLYGON ((90.00000000000003 -53.99654469999999,112.50000000000003 -53.99654469999999,112.50000000000003 -43.40751469999999,90.00000000000003 -43.40751469999999,90.00000000000003 -53.99654469999999))	0
13	3	POLYGON ((112.50000000000003 -53.99654469999999,135.00000000000003 -53.99654469999999,135.00000000000003 -43.40751469999999,112.50000000000003 -43.40751469999999,112.50000000000003 -53.99654469999999))	0
14	3	POLYGON ((135.00000000000003 -53.99654469999999,157.50000000000003 -53.99654469999999,157.50000000000003 -43.40751469999999,135.00000000000003 -43.40751469999999,135.00000000000003 -53.99654469999999))	53
15	3	POLYGON ((157.50000000000003 -53.99654469999999,180.00000000000003 -53.99654469999999,180.00000000000003 -43.40751469999999,157.50000000000003 -43.40751469999999,157.50000000000003 -53.99654469999999))	2919
0	4	POLYGON ((-180.0 -43.40751469999999,-157.5 -43.40751469999999,-157.5 -32.8184847,-180.0 -32.8184847,-180.0 -43.40751469999999))	0
1	4	POLYGON ((-157.5 -43.40751469999999,-135.0 -43.40751469999999,-135.0 -32.8184847,-157.5 -32.8184847,-157.5 -43.40751469999999))	0
2	4	POLYGON ((-135.0 -43.40751469999999,-112.5 -43.40751469999999,-112.5 -32.8184847,-135.0 -32.8184847,-135.0 -43.40751469999999))	0
3	4	POLYGON ((-112.5 -43.40751469999999,-90.0 -43.40751469999999,-90.0 -32.8184847,-112.5 -32.8184847,-112.5 -43.40751469999999))	0
4	4	POLYGON ((-90.0 -43.40751469999999,-67.5 -43.40751469999999,-67.5 -32.8184847,-90.0 -32.8184847,-90.0 -43.40751469999999))	1338
5	4	POLYGON ((-67.5 -43.40751469999999,-44.999999999999986 -43.40751469999999,-44.999999999999986 -32.8184847,-67.5 -32.8184847,-67.5 -43.40751469999999))	1628
6	4	POLYGON ((-44.999999999999986 -43.40751469999999,-22.499999999999986 -43.40751469999999,-22.499999999999986 -32.8184847,-44.999999999999986 -32.8184847,-44.999999999999986 -43.40751469999999))	0
7	4	POLYGON ((-22.499999999999986 -43.40751469999999,1.4210854715202004E-14 -43.40751469999999,1.4210854715202004E-14 -32.8184847,-22.499999999999986 -32.8184847,-22.499999999999986 -43.40751469999999))	0
8	4	POLYGON ((1.4210854715202004E-14 -43.40751469999999,22.500000000000014 -43.40751469999999,22.500000000000014 -32.8184847,1.4210854715202004E-14 -32.8184847,1.4210854715202004E-14 -43.40751469999999))	294
9	4	POLYGON ((22.500000000000014 -43.40751469999999,45.000000000000014 -43.40751469999999,45.000000000000014 -32.8184847,22.500000000000014 -32.8184847,22.500000000000014 -43.40751469999999))	161
10	4	POLYGON ((45.000000000000014 -43.40751469999999,67.50000000000001 -43.40751469999999,67.50000000000001 -32.8184847,45.000000000000014 -32.8184847,45.000000000000014 -43.40751469999999))	0
11	4	POLYGON ((67.50000000000001 -43.40751469999999,90.00000000000003 -43.40751469999999,90.00000000000003 -32.8184847,67.50000000000001 -32.8184847,67.50000000000001 -43.40751469999999))	0
12	4	POLYGON ((90.00000000000003 -43.40751469999999,112.50000000000003 -43.40751469999999,112.50000000000003 -32.8184847,90.00000000000003 -32.8184847,90.00000000000003 -43.40751469999999))	0
13	4	POLYGON ((112.50000000000003 -43.40751469999999,135.00000000000003 -43.40751469999999,135.00000000000003 -32.8184847,112.50000000000003 -32.8184847,112.50000000000003 -43.40751469999999))	801
14	4	POLYGON ((135.00000000000003 -43.40751469999999,157.50000000000003 -43.40751469999999,157.50000000000003 -32.8184847,135.00000000000003 -32.8184847,135.00000000000003 -43.40751469999999))	8722
15	4	POLYGON ((157.50000000000003 -43.40751469999999,180.00000000000003 -43.40751469999999,180.00000000000003 -32.8184847,157.50000000000003 -32.8184847,157.50000000000003 -43.40751469999999))	5581
0	5	POLYGON ((-180.0 -32.8184847,-157.5 -32.8184847,-157.5 -22.22945469999999,-180.0 -22.22945469999999,-180.0 -32.8184847))	38
1	5	POLYGON ((-157.5 -32.8184847,-135.0 -32.8184847,-135.0 -22.22945469999999,-157.5 -22.22945469999999,-157.5 -32.8184847))	8
2	5	POLYGON ((-135.0 -32.8184847,-112.5 -32.8184847,-112.5 -22.22945469999999,-135.0 -22.22945469999999,-135.0 -32.8184847))	20
3	5	POLYGON ((-112.5 -32.8184847,-90.0 -32.8184847,-90.0 -22.22945469999999,-112.5 -22.22945469999999,-112.5 -32.8184847))	2
4	5	POLYGON ((-90.0 -32.8184847,-67.5 -32.8184847,-67.5 -22.22945469999999,-90.0 -22.22945469999999,-90.0 -32.8184847))	231
5	5	POLYGON ((-67.5 -32.8184847,-44.999999999999986 -32.8184847,-44.999999999999986 -22.22945469999999,-67.5 -22.22945469999999,-67.5 -32.8184847))	7472
6	5	POLYGON ((-44.999999999999986 -32.8184847,-22.499999999999986 -32.8184847,-22.499999999999986 -22.22945469999999,-44.999999999999986 -22.22945469999999,-44.999999999999986 -32.8184847))	666
7	5	POLYGON ((-22.499999999999986 -32.8184847,1.4210854715202004E-14 -32.8184847,1.4210854715202004E-14 -22.22945469999999,-22.499999999999986 -22.22945469999999,-22.499999999999986 -32.8184847))	0
8	5	POLYGON ((1.4210854715202004E-14 -32.8184847,22.500000000000014 -32.8184847,22.500000000000014 -22.22945469999999,1.4210854715202004E-14 -22.22945469999999,1.4210854715202004E-14 -32.8184847))	471
9	5	POLYGON ((22.500000000000014 -32.8184847,45.000000000000014 -32.8184847,45.000000000000014 -22.22945469999999,22.500000000000014 -22.22945469999999,22.500000000000014 -32.8184847))	2708
10	5	POLYGON ((45.000000000000014 -32.8184847,67.50000000000001 -32.8184847,67.50000000000001 -22.22945469999999,45.000000000000014 -22.22945469999999,45.000000000000014 -32.8184847))	624
11	5	POLYGON ((67.50000000000001 -32.8184847,90.00000000000003 -32.8184847,90.00000000000003 -22.22945469999999,67.50000000000001 -22.22945469999999,67.50000000000001 -32.8184847))	0
12	5	POLYGON ((90.00000000000003 -32.8184847,112.50000000000003 -32.8184847,112.50000000000003 -22.22945469999999,90.00000000000003 -22.22945469999999,90.00000000000003 -32.8184847))	0
13	5	POLYGON ((112.50000000000003 -32.8184847,135.00000000000003 -32.8184847,135.00000000000003 -22.22945469999999,112.50000000000003 -22.22945469999999,112.50000000000003 -32.8184847))	1780
14	5	POLYGON ((135.00000000000003 -32.8184847,157.50000000000003 -32.8184847,157.50000000000003 -22.22945469999999,135.00000000000003 -22.22945469999999,135.00000000000003 -32.8184847))	1890
15	5	POLYGON ((157.50000000000003 -32.8184847,180.00000000000003 -32.8184847,180.00000000000003 -22.22945469999999,157.50000000000003 -22.22945469999999,157.50000000000003 -32.8184847))	89
0	6	POLYGON ((-180.0 -22.22945469999999,-157.5 -22.22945469999999,-157.5 -11.64042469999999,-180.0 -11.64042469999999,-180.0 -22.22945469999999))	289
1	6	POLYGON ((-157.5 -22.22945469999999,-135.0 -22.22945469999999,-135.0 -11.64042469999999,-157.5 -11.64042469999999,-157.5 -22.22945469999999))	967
2	6	POLYGON ((-135.0 -22.22945469999999,-112.5 -22.22945469999999,-112.5 -11.64042469999999,-135.0 -11.64042469999999,-135.0 -22.22945469999999))	0
3	6	POLYGON ((-112.5 -22.22945469999999,-90.0 -22.22945469999999,-90.0 -11.64042469999999,-112.5 -11.64042469999999,-112.5 -22.22945469999999))	0
4	6	POLYGON ((-90.0 -22.22945469999999,-67.5 -22.22945469999999,-67.5 -11.64042469999999,-90.0 -11.64042469999999,-90.0 -22.22945469999999))	1716
5	6	POLYGON ((-67.5 -22.22945469999999,-44.999999999999986 -22.22945469999999,-44.999999999999986 -11.64042469999999,-67.5 -11.64042469999999,-67.5 -22.22945469999999))	4893
6	6	POLYGON ((-44.999999999999986 -22.22945469999999,-22.499999999999986 -22.22945469999999,-22.499999999999986 -11.64042469999999,-44.999999999999986 -11.64042469999999,-44.999999999999986 -22.22945469999999))	1567
7	6	POLYGON ((-22.499999999999986 -22.22945469999999,1.4210854715202004E-14 -22.22945469999999,1.4210854715202004E-14 -11.64042469999999,-22.499999999999986 -11.64042469999999,-22.499999999999986 -22.22945469999999))	4
8	6	POLYGON ((1.4210854715202004E-14 -22.22945469999999,22.500000000000014 -22.22945469999999,22.500000000000014 -11.64042469999999,1.4210854715202004E-14 -11.64042469999999,1.4210854715202004E-14 -22.22945469999999))	403
9	6	POLYGON ((22.500000000000014 -22.22945469999999,45.000000000000014 -22.22945469999999,45.000000000000014 -11.64042469999999,22.500000000000014 -11.64042469999999,22.500000000000014 -22.22945469999999))	2613
10	6	POLYGON ((45.000000000000014 -22.22945469999999,67.50000000000001 -22.22945469999999,67.50000000000001 -11.64042469999999,45.000000000000014 -11.64042469999999,45.000000000000014 -22.22945469999999))	3358
11	6	POLYGON ((67.50000000000001 -22.22945469999999,90.00000000000003 -22.22945469999999,90.00000000000003 -11.64042469999999,67.50000000000001 -11.64042469999999,67.50000000000001 -22.22945469999999))	0
12	6	POLYGON ((90.00000000000003 -22.22945469999999,112.50000000000003 -22.22945469999999,112.50000000000003 -11.64042469999999,90.00000000000003 -11.64042469999999,90.00000000000003 -22.22945469999999))	3
13	6	POLYGON ((112.50000000000003 -22.22945469999999,135.00000000000003 -22.22945469999999,135.00000000000003 -11.64042469999999,112.50000000000003 -11.64042469999999,112.50000000000003 -22.22945469999999))	697
14	6	POLYGON ((135.00000000000003 -22.22945469999999,157.50000000000003 -22.22945469999999,157.50000000000003 -11.64042469999999,135.00000000000003 -11.64042469999999,135.00000000000003 -22.22945469999999))	1176
15	6	POLYGON ((157.50000000000003 -22.22945469999999,180.00000000000003 -22.22945469999999,180.00000000000003 -11.64042469999999,157.50000000000003 -11.64042469999999,157.50000000000003 -22.22945469999999))	1083
0	7	POLYGON ((-180.0 -11.64042469999999,-157.5 -11.64042469999999,-157.5 -1.0513946999999888,-180.0 -1.0513946999999888,-180.0 -11.64042469999999))	67
1	7	POLYGON ((-157.5 -11.64042469999999,-135.0 -11.64042469999999,-135.0 -1.0513946999999888,-157.5 -1.0513946999999888,-157.5 -11.64042469999999))	15
2	7	POLYGON ((-135.0 -11.64042469999999,-112.5 -11.64042469999999,-112.5 -1.0513946999999888,-135.0 -1.0513946999999888,-135.0 -11.64042469999999))	0
3	7	POLYGON ((-112.5 -11.64042469999999,-90.0 -11.64042469999999,-90.0 -1.0513946999999888,-112.5 -1.0513946999999888,-112.5 -11.64042469999999))	7
4	7	POLYGON ((-90.0 -11.64042469999999,-67.5 -11.64042469999999,-67.5 -1.0513946999999888,-90.0 -1.0513946999999888,-90.0 -11.64042469999999))	2150
5	7	POLYGON ((-67.5 -11.64042469999999,-44.999999999999986 -11.64042469999999,-44.999999999999986 -1.0513946999999888,-67.5 -1.0513946999999888,-67.5 -11.64042469999999))	2928
6	7	POLYGON ((-44.999999999999986 -11.64042469999999,-22.499999999999986 -11.64042469999999,-22.499999999999986 -1.0513946999999888,-44.999999999999986 -1.0513946999999888,-44.999999999999986 -11.64042469999999))	1322
7	7	POLYGON ((-22.499999999999986 -11.64042469999999,1.4210854715202004E-14 -11.64042469999999,1.4210854715202004E-14 -1.0513946999999888,-22.499999999999986 -1.0513946999999888,-22.499999999999986 -11.64042469999999))	0
8	7	POLYGON ((1.4210854715202004E-14 -11.64042469999999,22.500000000000014 -11.64042469999999,22.500000000000014 -1.0513946999999888,1.4210854715202004E-14 -1.0513946999999888,1.4210854715202004E-14 -11.64042469999999))	633
9	7	POLYGON ((22.500000000000014 -11.64042469999999,45.000000000000014 -11.64042469999999,45.000000000000014 -1.0513946999999888,22.500000000000014 -1.0513946999999888,22.500000000000014 -11.64042469999999))	2583
10	7	POLYGON ((45.000000000000014 -11.64042469999999,67.50000000000001 -11.64042469999999,67.50000000000001 -1.0513946999999888,45.000000000000014 -1.0513946999999888,45.000000000000014 -11.64042469999999))	72
11	7	POLYGON ((67.50000000000001 -11.64042469999999,90.00000000000003 -11.64042469999999,90.00000000000003 -1.0513946999999888,67.50000000000001 -1.0513946999999888,67.50000000000001 -11.64042469999999))	17
12	7	POLYGON ((90.00000000000003 -11.64042469999999,112.50000000000003 -11.64042469999999,112.50000000000003 -1.0513946999999888,90.00000000000003 -1.0513946999999888,90.00000000000003 -11.64042469999999))	2024
13	7	POLYGON ((112.50000000000003 -11.64042469999999,135.00000000000003 -11.64042469999999,135.00000000000003 -1.0513946999999888,112.50000000000003 -1.0513946999999888,112.50000000000003 -11.64042469999999))	2829
14	7	POLYGON ((135.00000000000003 -11.64042469999999,157.50000000000003 -11.64042469999999,157.50000000000003 -1.0513946999999888,135.00000000000003 -1.0513946999999888,135.00000000000003 -11.64042469999999))	1293
15	7	POLYGON ((157.50000000000003 -11.64042469999999,180.00000000000003 -11.64042469999999,180.00000000000003 -1.0513946999999888,157.50000000000003 -1.0513946999999888,157.50000000000003 -11.64042469999999))	368
0	8	POLYGON ((-180.0 -1.0513946999999888,-157.5 -1.0513946999999888,-157.5 9.537635300000012,-180.0 9.537635300000012,-180.0 -1.0513946999999888))	21
1	8	POLYGON ((-157.5 -1.0513946999999888,-135.0 -1.0513946999999888,-135.0 9.537635300000012,-157.5 9.537635300000012,-157.5 -1.0513946999999888))	74
2	8	POLYGON ((-135.0 -1.0513946999999888,-112.5 -1.0513946999999888,-112.5 9.537635300000012,-135.0 9.537635300000012,-135.0 -1.0513946999999888))	0
3	8	POLYGON ((-112.5 -1.0513946999999888,-90.0 -1.0513946999999888,-90.0 9.537635300000012,-112.5 9.537635300000012,-112.5 -1.0513946999999888))	52
4	8	POLYGON ((-90.0 -1.0513946999999888,-67.5 -1.0513946999999888,-67.5 9.537635300000012,-90.0 9.537635300000012,-90.0 -1.0513946999999888))	5527
5	8	POLYGON ((-67.5 -1.0513946999999888,-44.999999999999986 -1.0513946999999888,-44.999999999999986 9.537635300000012,-67.5 9.537635300000012,-67.5 -1.0513946999999888))	2694
6	8	POLYGON ((-44.999999999999986 -1.0513946999999888,-22.499999999999986 -1.0513946999999888,-22.499999999999986 9.537635300000012,-44.999999999999986 9.537635300000012,-44.999999999999986 -1.0513946999999888))	1
7	8	POLYGON ((-22.499999999999986 -1.0513946999999888,1.4210854715202004E-14 -1.0513946999999888,1.4210854715202004E-14 9.537635300000012,-22.499999999999986 9.537635300000012,-22.499999999999986 -1.0513946999999888))	1478
8	8	POLYGON ((1.4210854715202004E-14 -1.0513946999999888,22.500000000000014 -1.0513946999999888,22.500000000000014 9.537635300000012,1.4210854715202004E-14 9.537635300000012,1.4210854715202004E-14 -1.0513946999999888))	1997
9	8	POLYGON ((22.500000000000014 -1.0513946999999888,45.000000000000014 -1.0513946999999888,45.000000000000014 9.537635300000012,22.500000000000014 9.537635300000012,22.500000000000014 -1.0513946999999888))	1858
10	8	POLYGON ((45.000000000000014 -1.0513946999999888,67.50000000000001 -1.0513946999999888,67.50000000000001 9.537635300000012,45.000000000000014 9.537635300000012,45.000000000000014 -1.0513946999999888))	98
11	8	POLYGON ((67.50000000000001 -1.0513946999999888,90.00000000000003 -1.0513946999999888,90.00000000000003 9.537635300000012,67.50000000000001 9.537635300000012,67.50000000000001 -1.0513946999999888))	1097
12	8	POLYGON ((90.00000000000003 -1.0513946999999888,112.50000000000003 -1.0513946999999888,112.50000000000003 9.537635300000012,90.00000000000003 9.537635300000012,90.00000000000003 -1.0513946999999888))	3267
13	8	POLYGON ((112.50000000000003 -1.0513946999999888,135.00000000000003 -1.0513946999999888,135.00000000000003 9.537635300000012,112.50000000000003 9.537635300000012,112.50000000000003 -1.0513946999999888))	2579
14	8	POLYGON ((135.00000000000003 -1.0513946999999888,157.50000000000003 -1.0513946999999888,157.50000000000003 9.537635300000012,135.00000000000003 9.537635300000012,135.00000000000003 -1.0513946999999888))	120
15	8	POLYGON ((157.50000000000003 -1.0513946999999888,180.00000000000003 -1.0513946999999888,180.00000000000003 9.537635300000012,157.50000000000003 9.537635300000012,157.50000000000003 -1.0513946999999888))	432
0	9	POLYGON ((-180.0 9.537635300000012,-157.5 9.537635300000012,-157.5 20.126665300000013,-180.0 20.126665300000013,-180.0 9.537635300000012))	4
1	9	POLYGON ((-157.5 9.537635300000012,-135.0 9.537635300000012,-135.0 20.126665300000013,-157.5 20.126665300000013,-157.5 9.537635300000012))	86
2	9	POLYGON ((-135.0 9.537635300000012,-112.5 9.537635300000012,-112.5 20.126665300000013,-135.0 20.126665300000013,-135.0 9.537635300000012))	0
3	9	POLYGON ((-112.5 9.537635300000012,-90.0 9.537635300000012,-90.0 20.126665300000013,-112.5 20.126665300000013,-112.5 9.537635300000012))	1072
4	9	POLYGON ((-90.0 9.537635300000012,-67.5 9.537635300000012,-67.5 20.126665300000013,-90.0 20.126665300000013,-90.0 9.537635300000012))	4404
5	9	POLYGON ((-67.5 9.537635300000012,-44.999999999999986 9.537635300000012,-44.999999999999986 20.126665300000013,-67.5 20.126665300000013,-67.5 9.537635300000012))	2516
6	9	POLYGON ((-44.999999999999986 9.537635300000012,-22.499999999999986 9.537635300000012,-22.499999999999986 20.126665300000013,-44.999999999999986 20.126665300000013,-44.999999999999986 9.537635300000012))	13
7	9	POLYGON ((-22.499999999999986 9.537635300000012,1.4210854715202004E-14 9.537635300000012,1.4210854715202004E-14 20.126665300000013,-22.499999999999986 20.126665300000013,-22.499999999999986 9.537635300000012))	3314
8	9	POLYGON ((1.4210854715202004E-14 9.537635300000012,22.500000000000014 9.537635300000012,22.500000000000014 20.126665300000013,1.4210854715202004E-14 20.126665300000013,1.4210854715202004E-14 9.537635300000012))	943
9	9	POLYGON ((22.500000000000014 9.537635300000012,45.000000000000014 9.537635300000012,45.000000000000014 20.126665300000013,22.500000000000014 20.126665300000013,22.500000000000014 9.537635300000012))	976
10	9	POLYGON ((45.000000000000014 9.537635300000012,67.50000000000001 9.537635300000012,67.50000000000001 20.126665300000013,45.000000000000014 20.126665300000013,45.000000000000014 9.537635300000012))	417
11	9	POLYGON ((67.50000000000001 9.537635300000012,90.00000000000003 9.537635300000012,90.00000000000003 20.126665300000013,67.50000000000001 20.126665300000013,67.50000000000001 9.537635300000012))	5023
12	9	POLYGON ((90.00000000000003 9.537635300000012,112.50000000000003 9.537635300000012,112.50000000000003 20.126665300000013,90.00000000000003 20.126665300000013,90.00000000000003 9.537635300000012))	15608
13	9	POLYGON ((112.50000000000003 9.537635300000012,135.00000000000003 9.537635300000012,135.00000000000003 20.126665300000013,112.50000000000003 20.126665300000013,112.50000000000003 9.537635300000012))	7970
14	9	POLYGON ((135.00000000000003 9.537635300000012,157.50000000000003 9.537635300000012,157.50000000000003 20.126665300000013,135.00000000000003 20.126665300000013,135.00000000000003 9.537635300000012))	84
15	9	POLYGON ((157.50000000000003 9.537635300000012,180.00000000000003 9.537635300000012,180.00000000000003 20.126665300000013,157.50000000000003 20.126665300000013,157.50000000000003 9.537635300000012))	116
0	10	POLYGON ((-180.0 20.126665300000013,-157.5 20.126665300000013,-157.5 30.71569530000001,-180.0 30.71569530000001,-180.0 20.126665300000013))	372
1	10	POLYGON ((-157.5 20.126665300000013,-135.0 20.126665300000013,-135.0 30.71569530000001,-157.5 30.71569530000001,-157.5 20.126665300000013))	65
2	10	POLYGON ((-135.0 20.126665300000013,-112.5 20.126665300000013,-112.5 30.71569530000001,-135.0 30.71569530000001,-135.0 20.126665300000013))	132
3	10	POLYGON ((-112.5 20.126665300000013,-90.0 20.126665300000013,-90.0 30.71569530000001,-112.5 30.71569530000001,-112.5 20.126665300000013))	10060
4	10	POLYGON ((-90.0 20.126665300000013,-67.5 20.126665300000013,-67.5 30.71569530000001,-90.0 30.71569530000001,-90.0 20.126665300000013))	33667
5	10	POLYGON ((-67.5 20.126665300000013,-44.999999999999986 20.126665300000013,-44.999999999999986 30.71569530000001,-67.5 30.71569530000001,-67.5 20.126665300000013))	0
6	10	POLYGON ((-44.999999999999986 20.126665300000013,-22.499999999999986 20.126665300000013,-22.499999999999986 30.71569530000001,-44.999999999999986 30.71569530000001,-44.999999999999986 20.126665300000013))	0
7	10	POLYGON ((-22.499999999999986 20.126665300000013,1.4210854715202004E-14 20.126665300000013,1.4210854715202004E-14 30.71569530000001,-22.499999999999986 30.71569530000001,-22.499999999999986 20.126665300000013))	420
8	10	POLYGON ((1.4210854715202004E-14 20.126665300000013,22.500000000000014 20.126665300000013,22.500000000000014 30.71569530000001,1.4210854715202004E-14 30.71569530000001,1.4210854715202004E-14 20.126665300000013))	28
9	10	POLYGON ((22.500000000000014 20.126665300000013,45.000000000000014 20.126665300000013,45.000000000000014 30.71569530000001,22.500000000000014 30.71569530000001,22.500000000000014 20.126665300000013))	300
10	10	POLYGON ((45.000000000000014 20.126665300000013,67.50000000000001 20.126665300000013,67.50000000000001 30.71569530000001,45.000000000000014 30.71569530000001,45.000000000000014 20.126665300000013))	1705
11	10	POLYGON ((67.50000000000001 20.126665300000013,90.00000000000003 20.126665300000013,90.00000000000003 30.71569530000001,67.50000000000001 30.71569530000001,67.50000000000001 20.126665300000013))	10013
12	10	POLYGON ((90.00000000000003 20.126665300000013,112.50000000000003 20.126665300000013,112.50000000000003 30.71569530000001,90.00000000000003 30.71569530000001,90.00000000000003 20.126665300000013))	6262
13	10	POLYGON ((112.50000000000003 20.126665300000013,135.00000000000003 20.126665300000013,135.00000000000003 30.71569530000001,112.50000000000003 30.71569530000001,112.50000000000003 20.126665300000013))	12105
14	10	POLYGON ((135.00000000000003 20.126665300000013,157.50000000000003 20.126665300000013,157.50000000000003 30.71569530000001,135.00000000000003 30.71569530000001,135.00000000000003 20.126665300000013))	799
15	10	POLYGON ((157.50000000000003 20.126665300000013,180.00000000000003 20.126665300000013,180.00000000000003 30.71569530000001,157.50000000000003 30.71569530000001,157.50000000000003 20.126665300000013))	0
0	11	POLYGON ((-180.0 30.71569530000001,-157.5 30.71569530000001,-157.5 41.304725300000015,-180.0 41.304725300000015,-180.0 30.71569530000001))	0
1	11	POLYGON ((-157.5 30.71569530000001,-135.0 30.71569530000001,-135.0 41.304725300000015,-157.5 41.304725300000015,-157.5 30.71569530000001))	0
2	11	POLYGON ((-135.0 30.71569530000001,-112.5 30.71569530000001,-112.5 41.304725300000015,-135.0 41.304725300000015,-135.0 30.71569530000001))	23309
3	11	POLYGON ((-112.5 30.71569530000001,-90.0 30.71569530000001,-90.0 41.304725300000015,-112.5 41.304725300000015,-112.5 30.71569530000001))	83021
4	11	POLYGON ((-90.0 30.71569530000001,-67.5 30.71569530000001,-67.5 41.304725300000015,-90.0 41.304725300000015,-90.0 30.71569530000001))	114406
5	11	POLYGON ((-67.5 30.71569530000001,-44.999999999999986 30.71569530000001,-44.999999999999986 41.304725300000015,-67.5 41.304725300000015,-67.5 30.71569530000001))	43
6	11	POLYGON ((-44.999999999999986 30.71569530000001,-22.499999999999986 30.71569530000001,-22.499999999999986 41.304725300000015,-44.999999999999986 41.304725300000015,-44.999999999999986 30.71569530000001))	58
7	11	POLYGON ((-22.499999999999986 30.71569530000001,1.4210854715202004E-14 30.71569530000001,1.4210854715202004E-14 41.304725300000015,-22.499999999999986 41.304725300000015,-22.499999999999986 30.71569530000001))	5487
8	11	POLYGON ((1.4210854715202004E-14 30.71569530000001,22.500000000000014 30.71569530000001,22.500000000000014 41.304725300000015,1.4210854715202004E-14 41.304725300000015,1.4210854715202004E-14 30.71569530000001))	3306
9	11	POLYGON ((22.500000000000014 30.71569530000001,45.000000000000014 30.71569530000001,45.000000000000014 41.304725300000015,22.500000000000014 41.304725300000015,22.500000000000014 30.71569530000001))	6343
10	11	POLYGON ((45.000000000000014 30.71569530000001,67.50000000000001 30.71569530000001,67.50000000000001 41.304725300000015,45.000000000000014 41.304725300000015,45.000000000000014 30.71569530000001))	1326
11	11	POLYGON ((67.50000000000001 30.71569530000001,90.00000000000003 30.71569530000001,90.00000000000003 41.304725300000015,67.50000000000001 41.304725300000015,67.50000000000001 30.71569530000001))	1976
12	11	POLYGON ((90.00000000000003 30.71569530000001,112.50000000000003 30.71569530000001,112.50000000000003 41.304725300000015,90.00000000000003 41.304725300000015,90.00000000000003 30.71569530000001))	1737
13	11	POLYGON ((112.50000000000003 30.71569530000001,135.00000000000003 30.71569530000001,135.00000000000003 41.304725300000015,112.50000000000003 41.304725300000015,112.50000000000003 30.71569530000001))	46811
14	11	POLYGON ((135.00000000000003 30.71569530000001,157.50000000000003 30.71569530000001,157.50000000000003 41.304725300000015,135.00000000000003 41.304725300000015,135.00000000000003 30.71569530000001))	38298
15	11	POLYGON ((157.50000000000003 30.71569530000001,180.00000000000003 30.71569530000001,180.00000000000003 41.304725300000015,157.50000000000003 41.304725300000015,157.50000000000003 30.71569530000001))	0
0	12	POLYGON ((-180.0 41.304725300000015,-157.5 41.304725300000015,-157.5 51.89375530000001,-180.0 51.89375530000001,-180.0 41.304725300000015))	102
1	12	POLYGON ((-157.5 41.304725300000015,-135.0 41.304725300000015,-135.0 51.89375530000001,-157.5 51.89375530000001,-157.5 41.304725300000015))	0
2	12	POLYGON ((-135.0 41.304725300000015,-112.5 41.304725300000015,-112.5 51.89375530000001,-135.0 51.89375530000001,-135.0 41.304725300000015))	31676
3	12	POLYGON ((-112.5 41.304725300000015,-90.0 41.304725300000015,-90.0 51.89375530000001,-112.5 51.89375530000001,-112.5 41.304725300000015))	143616
4	12	POLYGON ((-90.0 41.304725300000015,-67.5 41.304725300000015,-67.5 51.89375530000001,-90.0 51.89375530000001,-90.0 41.304725300000015))	191598
5	12	POLYGON ((-67.5 41.304725300000015,-44.999999999999986 41.304725300000015,-44.999999999999986 51.89375530000001,-67.5 51.89375530000001,-67.5 41.304725300000015))	195336
6	12	POLYGON ((-44.999999999999986 41.304725300000015,-22.499999999999986 41.304725300000015,-22.499999999999986 51.89375530000001,-44.999999999999986 51.89375530000001,-44.999999999999986 41.304725300000015))	0
7	12	POLYGON ((-22.499999999999986 41.304725300000015,1.4210854715202004E-14 41.304725300000015,1.4210854715202004E-14 51.89375530000001,-22.499999999999986 51.89375530000001,-22.499999999999986 41.304725300000015))	41012
8	12	POLYGON ((1.4210854715202004E-14 41.304725300000015,22.500000000000014 41.304725300000015,22.500000000000014 51.89375530000001,1.4210854715202004E-14 51.89375530000001,1.4210854715202004E-14 41.304725300000015))	158694
9	12	POLYGON ((22.500000000000014 41.304725300000015,45.000000000000014 41.304725300000015,45.000000000000014 51.89375530000001,22.500000000000014 51.89375530000001,22.500000000000014 41.304725300000015))	29681
10	12	POLYGON ((45.000000000000014 41.304725300000015,67.50000000000001 41.304725300000015,67.50000000000001 51.89375530000001,45.000000000000014 51.89375530000001,45.000000000000014 41.304725300000015))	2403
11	12	POLYGON ((67.50000000000001 41.304725300000015,90.00000000000003 41.304725300000015,90.00000000000003 51.89375530000001,67.50000000000001 51.89375530000001,67.50000000000001 41.304725300000015))	2880
12	12	POLYGON ((90.00000000000003 41.304725300000015,112.50000000000003 41.304725300000015,112.50000000000003 51.89375530000001,90.00000000000003 51.89375530000001,90.00000000000003 41.304725300000015))	647
13	12	POLYGON ((112.50000000000003 41.304725300000015,135.00000000000003 41.304725300000015,135.00000000000003 51.89375530000001,112.50000000000003 51.89375530000001,112.50000000000003 41.304725300000015))	2890
14	12	POLYGON ((135.00000000000003 41.304725300000015,157.50000000000003 41.304725300000015,157.50000000000003 51.89375530000001,135.00000000000003 51.89375530000001,135.00000000000003 41.304725300000015))	10594
15	12	POLYGON ((157.50000000000003 41.304725300000015,180.00000000000003 41.304725300000015,180.00000000000003 51.89375530000001,157.50000000000003 51.89375530000001,157.50000000000003 41.304725300000015))	29
0	13	POLYGON ((-180.0 51.89375530000001,-157.5 51.89375530000001,-157.5 62.48278530000002,-180.0 62.48278530000002,-180.0 51.89375530000001))	3560
1	13	POLYGON ((-157.5 51.89375530000001,-135.0 51.89375530000001,-135.0 62.48278530000002,-157.5 62.48278530000002,-157.5 51.89375530000001))	16269
2	13	POLYGON ((-135.0 51.89375530000001,-112.5 51.89375530000001,-112.5 62.48278530000002,-135.0 62.48278530000002,-135.0 51.89375530000001))	95402
3	13	POLYGON ((-112.5 51.89375530000001,-90.0 51.89375530000001,-90.0 62.48278530000002,-112.5 62.48278530000002,-112.5 51.89375530000001))	62343
4	13	POLYGON ((-90.0 51.89375530000001,-67.5 51.89375530000001,-67.5 62.48278530000002,-90.0 62.48278530000002,-90.0 51.89375530000001))	10785
5	13	POLYGON ((-67.5 51.89375530000001,-44.999999999999986 51.89375530000001,-44.999999999999986 62.48278530000002,-67.5 62.48278530000002,-67.5 51.89375530000001))	223425
6	13	POLYGON ((-44.999999999999986 51.89375530000001,-22.499999999999986 51.89375530000001,-22.499999999999986 62.48278530000002,-44.999999999999986 62.48278530000002,-44.999999999999986 51.89375530000001))	396
7	13	POLYGON ((-22.499999999999986 51.89375530000001,1.4210854715202004E-14 51.89375530000001,1.4210854715202004E-14 62.48278530000002,-22.499999999999986 62.48278530000002,-22.499999999999986 51.89375530000001))	23325
8	13	POLYGON ((1.4210854715202004E-14 51.89375530000001,22.500000000000014 51.89375530000001,22.500000000000014 62.48278530000002,1.4210854715202004E-14 62.48278530000002,1.4210854715202004E-14 51.89375530000001))	177890
9	13	POLYGON ((22.500000000000014 51.89375530000001,45.000000000000014 51.89375530000001,45.000000000000014 62.48278530000002,22.500000000000014 62.48278530000002,22.500000000000014 51.89375530000001))	55729
10	13	POLYGON ((45.000000000000014 51.89375530000001,67.50000000000001 51.89375530000001,67.50000000000001 62.48278530000002,45.000000000000014 62.48278530000002,45.000000000000014 51.89375530000001))	19432
11	13	POLYGON ((67.50000000000001 51.89375530000001,90.00000000000003 51.89375530000001,90.00000000000003 62.48278530000002,67.50000000000001 62.48278530000002,67.50000000000001 51.89375530000001))	12973
12	13	POLYGON ((90.00000000000003 51.89375530000001,112.50000000000003 51.89375530000001,112.50000000000003 62.48278530000002,90.00000000000003 62.48278530000002,90.00000000000003 51.89375530000001))	2284
13	13	POLYGON ((112.50000000000003 51.89375530000001,135.00000000000003 51.89375530000001,135.00000000000003 62.48278530000002,112.50000000000003 62.48278530000002,112.50000000000003 51.89375530000001))	1731
14	13	POLYGON ((135.00000000000003 51.89375530000001,157.50000000000003 51.89375530000001,157.50000000000003 62.48278530000002,135.00000000000003 62.48278530000002,135.00000000000003 51.89375530000001))	3191
15	13	POLYGON ((157.50000000000003 51.89375530000001,180.00000000000003 51.89375530000001,180.00000000000003 62.48278530000002,157.50000000000003 62.48278530000002,157.50000000000003 51.89375530000001))	1109
0	14	POLYGON ((-180.0 62.48278530000002,-157.5 62.48278530000002,-157.5 73.07181530000001,-180.0 73.07181530000001,-180.0 62.48278530000002))	4421
1	14	POLYGON ((-157.5 62.48278530000002,-135.0 62.48278530000002,-135.0 73.07181530000001,-157.5 73.07181530000001,-157.5 62.48278530000002))	3871
2	14	POLYGON ((-135.0 62.48278530000002,-112.5 62.48278530000002,-112.5 73.07181530000001,-135.0 73.07181530000001,-135.0 62.48278530000002))	8593
3	14	POLYGON ((-112.5 62.48278530000002,-90.0 62.48278530000002,-90.0 73.07181530000001,-112.5 73.07181530000001,-112.5 62.48278530000002))	25881
4	14	POLYGON ((-90.0 62.48278530000002,-67.5 62.48278530000002,-67.5 73.07181530000001,-90.0 73.07181530000001,-90.0 62.48278530000002))	5700
5	14	POLYGON ((-67.5 62.48278530000002,-44.999999999999986 62.48278530000002,-44.999999999999986 73.07181530000001,-67.5 73.07181530000001,-67.5 62.48278530000002))	5050
6	14	POLYGON ((-44.999999999999986 62.48278530000002,-22.499999999999986 62.48278530000002,-22.499999999999986 73.07181530000001,-44.999999999999986 73.07181530000001,-44.999999999999986 62.48278530000002))	729
7	14	POLYGON ((-22.499999999999986 62.48278530000002,1.4210854715202004E-14 62.48278530000002,1.4210854715202004E-14 73.07181530000001,-22.499999999999986 73.07181530000001,-22.499999999999986 62.48278530000002))	1967
8	14	POLYGON ((1.4210854715202004E-14 62.48278530000002,22.500000000000014 62.48278530000002,22.500000000000014 73.07181530000001,1.4210854715202004E-14 73.07181530000001,1.4210854715202004E-14 62.48278530000002))	25521
9	14	POLYGON ((22.500000000000014 62.48278530000002,45.000000000000014 62.48278530000002,45.000000000000014 73.07181530000001,22.500000000000014 73.07181530000001,22.500000000000014 62.48278530000002))	43450
10	14	POLYGON ((45.000000000000014 62.48278530000002,67.50000000000001 62.48278530000002,67.50000000000001 73.07181530000001,45.000000000000014 73.07181530000001,45.000000000000014 62.48278530000002))	9323
11	14	POLYGON ((67.50000000000001 62.48278530000002,90.00000000000003 62.48278530000002,90.00000000000003 73.07181530000001,67.50000000000001 73.07181530000001,67.50000000000001 62.48278530000002))	7031
12	14	POLYGON ((90.00000000000003 62.48278530000002,112.50000000000003 62.48278530000002,112.50000000000003 73.07181530000001,90.00000000000003 73.07181530000001,90.00000000000003 62.48278530000002))	1753
13	14	POLYGON ((112.50000000000003 62.48278530000002,135.00000000000003 62.48278530000002,135.00000000000003 73.07181530000001,112.50000000000003 73.07181530000001,112.50000000000003 62.48278530000002))	2001
14	14	POLYGON ((135.00000000000003 62.48278530000002,157.50000000000003 62.48278530000002,157.50000000000003 73.07181530000001,135.00000000000003 73.07181530000001,135.00000000000003 62.48278530000002))	3365
15	14	POLYGON ((157.50000000000003 62.48278530000002,180.00000000000003 62.48278530000002,180.00000000000003 73.07181530000001,157.50000000000003 73.07181530000001,157.50000000000003 62.48278530000002))	4145
0	15	POLYGON ((-180.0 73.07181530000001,-157.5 73.07181530000001,-157.5 83.66084530000002,-180.0 83.66084530000002,-180.0 73.07181530000001))	0
1	15	POLYGON ((-157.5 73.07181530000001,-135.0 73.07181530000001,-135.0 83.66084530000002,-157.5 83.66084530000002,-157.5 73.07181530000001))	0
2	15	POLYGON ((-135.0 73.07181530000001,-112.5 73.07181530000001,-112.5 83.66084530000002,-135.0 83.66084530000002,-135.0 73.07181530000001))	184
3	15	POLYGON ((-112.5 73.07181530000001,-90.0 73.07181530000001,-90.0 83.66084530000002,-112.5 83.66084530000002,-112.5 73.07181530000001))	690
4	15	POLYGON ((-90.0 73.07181530000001,-67.5 73.07181530000001,-67.5 83.66084530000002,-90.0 83.66084530000002,-90.0 73.07181530000001))	1173
5	15	POLYGON ((-67.5 73.07181530000001,-44.999999999999986 73.07181530000001,-44.999999999999986 83.66084530000002,-67.5 83.66084530000002,-67.5 73.07181530000001))	553
6	15	POLYGON ((-44.999999999999986 73.07181530000001,-22.499999999999986 73.07181530000001,-22.499999999999986 83.66084530000002,-44.999999999999986 83.66084530000002,-44.999999999999986 73.07181530000001))	33
7	15	POLYGON ((-22.499999999999986 73.07181530000001,1.4210854715202004E-14 73.07181530000001,1.4210854715202004E-14 83.66084530000002,-22.499999999999986 83.66084530000002,-22.499999999999986 73.07181530000001))	78
8	15	POLYGON ((1.4210854715202004E-14 73.07181530000001,22.500000000000014 73.07181530000001,22.500000000000014 83.66084530000002,1.4210854715202004E-14 83.66084530000002,1.4210854715202004E-14 73.07181530000001))	42
9	15	POLYGON ((22.500000000000014 73.07181530000001,45.000000000000014 73.07181530000001,45.000000000000014 83.66084530000002,22.500000000000014 83.66084530000002,22.500000000000014 73.07181530000001))	20
10	15	POLYGON ((45.000000000000014 73.07181530000001,67.50000000000001 73.07181530000001,67.50000000000001 83.66084530000002,45.000000000000014 83.66084530000002,45.000000000000014 73.07181530000001))	479
11	15	POLYGON ((67.50000000000001 73.07181530000001,90.00000000000003 73.07181530000001,90.00000000000003 83.66084530000002,67.50000000000001 83.66084530000002,67.50000000000001 73.07181530000001))	427
12	15	POLYGON ((90.00000000000003 73.07181530000001,112.50000000000003 73.07181530000001,112.50000000000003 83.66084530000002,90.00000000000003 83.66084530000002,90.00000000000003 73.07181530000001))	1847
13	15	POLYGON ((112.50000000000003 73.07181530000001,135.00000000000003 73.07181530000001,135.00000000000003 83.66084530000002,112.50000000000003 83.66084530000002,112.50000000000003 73.07181530000001))	570
14	15	POLYGON ((135.00000000000003 73.07181530000001,157.50000000000003 73.07181530000001,157.50000000000003 83.66084530000002,135.00000000000003 83.66084530000002,135.00000000000003 73.07181530000001))	161
15	15	POLYGON ((157.50000000000003 73.07181530000001,180.00000000000003 73.07181530000001,180.00000000000003 83.66084530000002,157.50000000000003 83.66084530000002,157.50000000000003 73.07181530000001))	2
