Column	Row	Geometry	Frequency
0	0	POLYGON ((-180.0 -85.4823662,-157.5 -85.4823662,-157.5 -74.91810685625,-180.0 -74.91810685625,-180.0 -85.4823662))	15
1	0	POLYGON ((-157.5 -85.4823662,-135.0 -85.4823662,-135.0 -74.91810685625,-157.5 -74.91810685625,-157.5 -85.4823662))	47
2	0	POLYGON ((-135.0 -85.4823662,-112.5 -85.4823662,-112.5 -74.91810685625,-135.0 -74.91810685625,-135.0 -85.4823662))	0
3	0	POLYGON ((-112.5 -85.4823662,-90.0 -85.4823662,-90.0 -74.91810685625,-112.5 -74.91810685625,-112.5 -85.4823662))	5
4	0	POLYGON ((-90.0 -85.4823662,-67.5 -85.4823662,-67.5 -74.91810685625,-90.0 -74.91810685625,-90.0 -85.4823662))	1
5	0	POLYGON ((-67.5 -85.4823662,-44.999999999999986 -85.4823662,-44.999999999999986 -74.91810685625,-67.5 -74.91810685625,-67.5 -85.4823662))	3
6	0	POLYGON ((-44.999999999999986 -85.4823662,-22.499999999999986 -85.4823662,-22.499999999999986 -74.91810685625,-44.999999999999986 -74.91810685625,-44.999999999999986 -85.4823662))	25
7	0	POLYGON ((-22.499999999999986 -85.4823662,1.4210854715202004E-14 -85.4823662,1.4210854715202004E-14 -74.91810685625,-22.499999999999986 -74.91810685625,-22.499999999999986 -85.4823662))	0
8	0	POLYGON ((1.4210854715202004E-14 -85.4823662,22.500000000000014 -85.4823662,22.500000000000014 -74.91810685625,1.4210854715202004E-14 -74.91810685625,1.4210854715202004E-14 -85.4823662))	0
9	0	POLYGON ((22.500000000000014 -85.4823662,45.000000000000014 -85.4823662,45.000000000000014 -74.91810685625,22.500000000000014 -74.91810685625,22.500000000000014 -85.4823662))	0
10	0	POLYGON ((45.000000000000014 -85.4823662,67.50000000000001 -85.4823662,67.50000000000001 -74.91810685625,45.000000000000014 -74.91810685625,45.000000000000014 -85.4823662))	0
11	0	POLYGON ((67.50000000000001 -85.4823662,90.00000000000003 -85.4823662,90.00000000000003 -74.91810685625,67.50000000000001 -74.91810685625,67.50000000000001 -85.4823662))	0
12	0	POLYGON ((90.00000000000003 -85.4823662,112.50000000000003 -85.4823662,112.50000000000003 -74.91810685625,90.00000000000003 -74.91810685625,90.00000000000003 -85.4823662))	1
13	0	POLYGON ((112.50000000000003 -85.4823662,135.00000000000003 -85.4823662,135.00000000000003 -74.91810685625,112.50000000000003 -74.91810685625,112.50000000000003 -85.4823662))	0
14	0	POLYGON ((135.00000000000003 -85.4823662,157.50000000000003 -85.4823662,157.50000000000003 -74.91810685625,135.00000000000003 -74.91810685625,135.00000000000003 -85.4823662))	1
15	0	POLYGON ((157.50000000000003 -85.4823662,180.00000000000003 -85.4823662,180.00000000000003 -74.91810685625,157.50000000000003 -74.91810685625,157.50000000000003 -85.4823662))	162
0	1	POLYGON ((-180.0 -74.91810685625,-157.5 -74.91810685625,-157.5 -64.3538475125,-180.0 -64.3538475125,-180.0 -74.91810685625))	15
1	1	POLYGON ((-157.5 -74.91810685625,-135.0 -74.91810685625,-135.0 -64.3538475125,-157.5 -64.3538475125,-157.5 -74.91810685625))	6
2	1	POLYGON ((-135.0 -74.91810685625,-112.5 -74.91810685625,-112.5 -64.3538475125,-135.0 -64.3538475125,-135.0 -74.91810685625))	13
3	1	POLYGON ((-112.5 -74.91810685625,-90.0 -74.91810685625,-90.0 -64.3538475125,-112.5 -64.3538475125,-112.5 -74.91810685625))	111
4	1	POLYGON ((-90.0 -74.91810685625,-67.5 -74.91810685625,-67.5 -64.3538475125,-90.0 -64.3538475125,-90.0 -74.91810685625))	274
5	1	POLYGON ((-67.5 -74.91810685625,-44.999999999999986 -74.91810685625,-44.999999999999986 -64.3538475125,-67.5 -64.3538475125,-67.5 -74.91810685625))	1074
6	1	POLYGON ((-44.999999999999986 -74.91810685625,-22.499999999999986 -74.91810685625,-22.499999999999986 -64.3538475125,-44.999999999999986 -64.3538475125,-44.999999999999986 -74.91810685625))	0
7	1	POLYGON ((-22.499999999999986 -74.91810685625,1.4210854715202004E-14 -74.91810685625,1.4210854715202004E-14 -64.3538475125,-22.499999999999986 -64.3538475125,-22.499999999999986 -74.91810685625))	5
8	1	POLYGON ((1.4210854715202004E-14 -74.91810685625,22.500000000000014 -74.91810685625,22.500000000000014 -64.3538475125,1.4210854715202004E-14 -64.3538475125,1.4210854715202004E-14 -74.91810685625))	29
9	1	POLYGON ((22.500000000000014 -74.91810685625,45.000000000000014 -74.91810685625,45.000000000000014 -64.3538475125,22.500000000000014 -64.3538475125,22.500000000000014 -74.91810685625))	224
10	1	POLYGON ((45.000000000000014 -74.91810685625,67.50000000000001 -74.91810685625,67.50000000000001 -64.3538475125,45.000000000000014 -64.3538475125,45.000000000000014 -74.91810685625))	611
11	1	POLYGON ((67.50000000000001 -74.91810685625,90.00000000000003 -74.91810685625,90.00000000000003 -64.3538475125,67.50000000000001 -64.3538475125,67.50000000000001 -74.91810685625))	1993
12	1	POLYGON ((90.00000000000003 -74.91810685625,112.50000000000003 -74.91810685625,112.50000000000003 -64.3538475125,90.00000000000003 -64.3538475125,90.00000000000003 -74.91810685625))	222
13	1	POLYGON ((112.50000000000003 -74.91810685625,135.00000000000003 -74.91810685625,135.00000000000003 -64.3538475125,112.50000000000003 -64.3538475125,112.50000000000003 -74.91810685625))	20
14	1	POLYGON ((135.00000000000003 -74.91810685625,157.50000000000003 -74.91810685625,157.50000000000003 -64.3538475125,135.00000000000003 -64.3538475125,135.00000000000003 -74.91810685625))	97
15	1	POLYGON ((157.50000000000003 -74.91810685625,180.00000000000003 -74.91810685625,180.00000000000003 -64.3538475125,157.50000000000003 -64.3538475125,157.50000000000003 -74.91810685625))	232
0	2	POLYGON ((-180.0 -64.3538475125,-157.5 -64.3538475125,-157.5 -53.789588168749994,-180.0 -53.789588168749994,-180.0 -64.3538475125))	0
1	2	POLYGON ((-157.5 -64.3538475125,-135.0 -64.3538475125,-135.0 -53.789588168749994,-157.5 -53.789588168749994,-157.5 -64.3538475125))	0
2	2	POLYGON ((-135.0 -64.3538475125,-112.5 -64.3538475125,-112.5 -53.789588168749994,-135.0 -53.789588168749994,-135.0 -64.3538475125))	0
3	2	POLYGON ((-112.5 -64.3538475125,-90.0 -64.3538475125,-90.0 -53.789588168749994,-112.5 -53.789588168749994,-112.5 -64.3538475125))	0
4	2	POLYGON ((-90.0 -64.3538475125,-67.5 -64.3538475125,-67.5 -53.789588168749994,-90.0 -53.789588168749994,-90.0 -64.3538475125))	1620
5	2	POLYGON ((-67.5 -64.3538475125,-44.999999999999986 -64.3538475125,-44.999999999999986 -53.789588168749994,-67.5 -53.789588168749994,-67.5 -64.3538475125))	1371
6	2	POLYGON ((-44.999999999999986 -64.3538475125,-22.499999999999986 -64.3538475125,-22.499999999999986 -53.789588168749994,-44.999999999999986 -53.789588168749994,-44.999999999999986 -64.3538475125))	91
7	2	POLYGON ((-22.499999999999986 -64.3538475125,1.4210854715202004E-14 -64.3538475125,1.4210854715202004E-14 -53.789588168749994,-22.499999999999986 -53.789588168749994,-22.499999999999986 -64.3538475125))	0
8	2	POLYGON ((1.4210854715202004E-14 -64.3538475125,22.500000000000014 -64.3538475125,22.500000000000014 -53.789588168749994,1.4210854715202004E-14 -53.789588168749994,1.4210854715202004E-14 -64.3538475125))	0
9	2	POLYGON ((22.500000000000014 -64.3538475125,45.000000000000014 -64.3538475125,45.000000000000014 -53.789588168749994,22.500000000000014 -53.789588168749994,22.500000000000014 -64.3538475125))	0
10	2	POLYGON ((45.000000000000014 -64.3538475125,67.50000000000001 -64.3538475125,67.50000000000001 -53.789588168749994,45.000000000000014 -53.789588168749994,45.000000000000014 -64.3538475125))	0
11	2	POLYGON ((67.50000000000001 -64.3538475125,90.00000000000003 -64.3538475125,90.00000000000003 -53.789588168749994,67.50000000000001 -53.789588168749994,67.50000000000001 -64.3538475125))	0
12	2	POLYGON ((90.00000000000003 -64.3538475125,112.50000000000003 -64.3538475125,112.50000000000003 -53.789588168749994,90.00000000000003 -53.789588168749994,90.00000000000003 -64.3538475125))	0
13	2	POLYGON ((112.50000000000003 -64.3538475125,135.00000000000003 -64.3538475125,135.00000000000003 -53.789588168749994,112.50000000000003 -53.789588168749994,112.50000000000003 -64.3538475125))	0
14	2	POLYGON ((135.00000000000003 -64.3538475125,157.50000000000003 -64.3538475125,157.50000000000003 -53.789588168749994,135.00000000000003 -53.789588168749994,135.00000000000003 -64.3538475125))	0
15	2	POLYGON ((157.50000000000003 -64.3538475125,180.00000000000003 -64.3538475125,180.00000000000003 -53.789588168749994,157.50000000000003 -53.789588168749994,157.50000000000003 -64.3538475125))	78
0	3	POLYGON ((-180.0 -53.789588168749994,-157.5 -53.789588168749994,-157.5 -43.225328825,-180.0 -43.225328825,-180.0 -53.789588168749994))	357
1	3	POLYGON ((-157.5 -53.789588168749994,-135.0 -53.789588168749994,-135.0 -43.225328825,-157.5 -43.225328825,-157.5 -53.789588168749994))	0
2	3	POLYGON ((-135.0 -53.789588168749994,-112.5 -53.789588168749994,-112.5 -43.225328825,-135.0 -43.225328825,-135.0 -53.789588168749994))	0
3	3	POLYGON ((-112.5 -53.789588168749994,-90.0 -53.789588168749994,-90.0 -43.225328825,-112.5 -43.225328825,-112.5 -53.789588168749994))	0
4	3	POLYGON ((-90.0 -53.789588168749994,-67.5 -53.789588168749994,-67.5 -43.225328825,-90.0 -43.225328825,-90.0 -53.789588168749994))	6580
5	3	POLYGON ((-67.5 -53.789588168749994,-44.999999999999986 -53.789588168749994,-44.999999999999986 -43.225328825,-67.5 -43.225328825,-67.5 -53.789588168749994))	640
6	3	POLYGON ((-44.999999999999986 -53.789588168749994,-22.499999999999986 -53.789588168749994,-22.499999999999986 -43.225328825,-44.999999999999986 -43.225328825,-44.999999999999986 -53.789588168749994))	0
7	3	POLYGON ((-22.499999999999986 -53.789588168749994,1.4210854715202004E-14 -53.789588168749994,1.4210854715202004E-14 -43.225328825,-22.499999999999986 -43.225328825,-22.499999999999986 -53.789588168749994))	0
8	3	POLYGON ((1.4210854715202004E-14 -53.789588168749994,22.500000000000014 -53.789588168749994,22.500000000000014 -43.225328825,1.4210854715202004E-14 -43.225328825,1.4210854715202004E-14 -53.789588168749994))	0
9	3	POLYGON ((22.500000000000014 -53.789588168749994,45.000000000000014 -53.789588168749994,45.000000000000014 -43.225328825,22.500000000000014 -43.225328825,22.500000000000014 -53.789588168749994))	28
10	3	POLYGON ((45.000000000000014 -53.789588168749994,67.50000000000001 -53.789588168749994,67.50000000000001 -43.225328825,45.000000000000014 -43.225328825,45.000000000000014 -53.789588168749994))	34
11	3	POLYGON ((67.50000000000001 -53.789588168749994,90.00000000000003 -53.789588168749994,90.00000000000003 -43.225328825,67.50000000000001 -43.225328825,67.50000000000001 -53.789588168749994))	119
12	3	POLYGON ((90.00000000000003 -53.789588168749994,112.50000000000003 -53.789588168749994,112.50000000000003 -43.225328825,90.00000000000003 -43.225328825,90.00000000000003 -53.789588168749994))	0
13	3	POLYGON ((112.50000000000003 -53.789588168749994,135.00000000000003 -53.789588168749994,135.00000000000003 -43.225328825,112.50000000000003 -43.225328825,112.50000000000003 -53.789588168749994))	0
14	3	POLYGON ((135.00000000000003 -53.789588168749994,157.50000000000003 -53.789588168749994,157.50000000000003 -43.225328825,135.00000000000003 -43.225328825,135.00000000000003 -53.789588168749994))	72
15	3	POLYGON ((157.50000000000003 -53.789588168749994,180.00000000000003 -53.789588168749994,180.00000000000003 -43.225328825,157.50000000000003 -43.225328825,157.50000000000003 -53.789588168749994))	2934
0	4	POLYGON ((-180.0 -43.225328825,-157.5 -43.225328825,-157.5 -32.661069481249996,-180.0 -32.661069481249996,-180.0 -43.225328825))	0
1	4	POLYGON ((-157.5 -43.225328825,-135.0 -43.225328825,-135.0 -32.661069481249996,-157.5 -32.661069481249996,-157.5 -43.225328825))	0
2	4	POLYGON ((-135.0 -43.225328825,-112.5 -43.225328825,-112.5 -32.661069481249996,-135.0 -32.661069481249996,-135.0 -43.225328825))	0
3	4	POLYGON ((-112.5 -43.225328825,-90.0 -43.225328825,-90.0 -32.661069481249996,-112.5 -32.661069481249996,-112.5 -43.225328825))	0
4	4	POLYGON ((-90.0 -43.225328825,-67.5 -43.225328825,-67.5 -32.661069481249996,-90.0 -32.661069481249996,-90.0 -43.225328825))	1371
5	4	POLYGON ((-67.5 -43.225328825,-44.999999999999986 -43.225328825,-44.999999999999986 -32.661069481249996,-67.5 -32.661069481249996,-67.5 -43.225328825))	1597
6	4	POLYGON ((-44.999999999999986 -43.225328825,-22.499999999999986 -43.225328825,-22.499999999999986 -32.661069481249996,-44.999999999999986 -32.661069481249996,-44.999999999999986 -43.225328825))	0
7	4	POLYGON ((-22.499999999999986 -43.225328825,1.4210854715202004E-14 -43.225328825,1.4210854715202004E-14 -32.661069481249996,-22.499999999999986 -32.661069481249996,-22.499999999999986 -43.225328825))	5
8	4	POLYGON ((1.4210854715202004E-14 -43.225328825,22.500000000000014 -43.225328825,22.500000000000014 -32.661069481249996,1.4210854715202004E-14 -32.661069481249996,1.4210854715202004E-14 -43.225328825))	368
9	4	POLYGON ((22.500000000000014 -43.225328825,45.000000000000014 -43.225328825,45.000000000000014 -32.661069481249996,22.500000000000014 -32.661069481249996,22.500000000000014 -43.225328825))	177
10	4	POLYGON ((45.000000000000014 -43.225328825,67.50000000000001 -43.225328825,67.50000000000001 -32.661069481249996,45.000000000000014 -32.661069481249996,45.000000000000014 -43.225328825))	0
11	4	POLYGON ((67.50000000000001 -43.225328825,90.00000000000003 -43.225328825,90.00000000000003 -32.661069481249996,67.50000000000001 -32.661069481249996,67.50000000000001 -43.225328825))	0
12	4	POLYGON ((90.00000000000003 -43.225328825,112.50000000000003 -43.225328825,112.50000000000003 -32.661069481249996,90.00000000000003 -32.661069481249996,90.00000000000003 -43.225328825))	0
13	4	POLYGON ((112.50000000000003 -43.225328825,135.00000000000003 -43.225328825,135.00000000000003 -32.661069481249996,112.50000000000003 -32.661069481249996,112.50000000000003 -43.225328825))	989
14	4	POLYGON ((135.00000000000003 -43.225328825,157.50000000000003 -43.225328825,157.50000000000003 -32.661069481249996,135.00000000000003 -32.661069481249996,135.00000000000003 -43.225328825))	8169
15	4	POLYGON ((157.50000000000003 -43.225328825,180.00000000000003 -43.225328825,180.00000000000003 -32.661069481249996,157.50000000000003 -32.661069481249996,157.50000000000003 -43.225328825))	5520
0	5	POLYGON ((-180.0 -32.661069481249996,-157.5 -32.661069481249996,-157.5 -22.096810137499997,-180.0 -22.096810137499997,-180.0 -32.661069481249996))	14
1	5	POLYGON ((-157.5 -32.661069481249996,-135.0 -32.661069481249996,-135.0 -22.096810137499997,-157.5 -22.096810137499997,-157.5 -32.661069481249996))	10
2	5	POLYGON ((-135.0 -32.661069481249996,-112.5 -32.661069481249996,-112.5 -22.096810137499997,-135.0 -22.096810137499997,-135.0 -32.661069481249996))	22
3	5	POLYGON ((-112.5 -32.661069481249996,-90.0 -32.661069481249996,-90.0 -22.096810137499997,-112.5 -22.096810137499997,-112.5 -32.661069481249996))	3
4	5	POLYGON ((-90.0 -32.661069481249996,-67.5 -32.661069481249996,-67.5 -22.096810137499997,-90.0 -22.096810137499997,-90.0 -32.661069481249996))	200
5	5	POLYGON ((-67.5 -32.661069481249996,-44.999999999999986 -32.661069481249996,-44.999999999999986 -22.096810137499997,-67.5 -22.096810137499997,-67.5 -32.661069481249996))	7310
6	5	POLYGON ((-44.999999999999986 -32.661069481249996,-22.499999999999986 -32.661069481249996,-22.499999999999986 -22.096810137499997,-44.999999999999986 -22.096810137499997,-44.999999999999986 -32.661069481249996))	614
7	5	POLYGON ((-22.499999999999986 -32.661069481249996,1.4210854715202004E-14 -32.661069481249996,1.4210854715202004E-14 -22.096810137499997,-22.499999999999986 -22.096810137499997,-22.499999999999986 -32.661069481249996))	0
8	5	POLYGON ((1.4210854715202004E-14 -32.661069481249996,22.500000000000014 -32.661069481249996,22.500000000000014 -22.096810137499997,1.4210854715202004E-14 -22.096810137499997,1.4210854715202004E-14 -32.661069481249996))	490
9	5	POLYGON ((22.500000000000014 -32.661069481249996,45.000000000000014 -32.661069481249996,45.000000000000014 -22.096810137499997,22.500000000000014 -22.096810137499997,22.500000000000014 -32.661069481249996))	2676
10	5	POLYGON ((45.000000000000014 -32.661069481249996,67.50000000000001 -32.661069481249996,67.50000000000001 -22.096810137499997,45.000000000000014 -22.096810137499997,45.000000000000014 -32.661069481249996))	579
11	5	POLYGON ((67.50000000000001 -32.661069481249996,90.00000000000003 -32.661069481249996,90.00000000000003 -22.096810137499997,67.50000000000001 -22.096810137499997,67.50000000000001 -32.661069481249996))	0
12	5	POLYGON ((90.00000000000003 -32.661069481249996,112.50000000000003 -32.661069481249996,112.50000000000003 -22.096810137499997,90.00000000000003 -22.096810137499997,90.00000000000003 -32.661069481249996))	0
13	5	POLYGON ((112.50000000000003 -32.661069481249996,135.00000000000003 -32.661069481249996,135.00000000000003 -22.096810137499997,112.50000000000003 -22.096810137499997,112.50000000000003 -32.661069481249996))	1758
14	5	POLYGON ((135.00000000000003 -32.661069481249996,157.50000000000003 -32.661069481249996,157.50000000000003 -22.096810137499997,135.00000000000003 -22.096810137499997,135.00000000000003 -32.661069481249996))	1885
15	5	POLYGON ((157.50000000000003 -32.661069481249996,180.00000000000003 -32.661069481249996,180.00000000000003 -22.096810137499997,157.50000000000003 -22.096810137499997,157.50000000000003 -32.661069481249996))	206
0	6	POLYGON ((-180.0 -22.096810137499997,-157.5 -22.096810137499997,-157.5 -11.532550793749998,-180.0 -11.532550793749998,-180.0 -22.096810137499997))	281
1	6	POLYGON ((-157.5 -22.096810137499997,-135.0 -22.096810137499997,-135.0 -11.532550793749998,-157.5 -11.532550793749998,-157.5 -22.096810137499997))	935
2	6	POLYGON ((-135.0 -22.096810137499997,-112.5 -22.096810137499997,-112.5 -11.532550793749998,-135.0 -11.532550793749998,-135.0 -22.096810137499997))	0
3	6	POLYGON ((-112.5 -22.096810137499997,-90.0 -22.096810137499997,-90.0 -11.532550793749998,-112.5 -11.532550793749998,-112.5 -22.096810137499997))	0
4	6	POLYGON ((-90.0 -22.096810137499997,-67.5 -22.096810137499997,-67.5 -11.532550793749998,-90.0 -11.532550793749998,-90.0 -22.096810137499997))	1586
5	6	POLYGON ((-67.5 -22.096810137499997,-44.999999999999986 -22.096810137499997,-44.999999999999986 -11.532550793749998,-67.5 -11.532550793749998,-67.5 -22.096810137499997))	4424
6	6	POLYGON ((-44.999999999999986 -22.096810137499997,-22.499999999999986 -22.096810137499997,-22.499999999999986 -11.532550793749998,-44.999999999999986 -11.532550793749998,-44.999999999999986 -22.096810137499997))	1569
7	6	POLYGON ((-22.499999999999986 -22.096810137499997,1.4210854715202004E-14 -22.096810137499997,1.4210854715202004E-14 -11.532550793749998,-22.499999999999986 -11.532550793749998,-22.499999999999986 -22.096810137499997))	2
8	6	POLYGON ((1.4210854715202004E-14 -22.096810137499997,22.500000000000014 -22.096810137499997,22.500000000000014 -11.532550793749998,1.4210854715202004E-14 -11.532550793749998,1.4210854715202004E-14 -22.096810137499997))	378
9	6	POLYGON ((22.500000000000014 -22.096810137499997,45.000000000000014 -22.096810137499997,45.000000000000014 -11.532550793749998,22.500000000000014 -11.532550793749998,22.500000000000014 -22.096810137499997))	2409
10	6	POLYGON ((45.000000000000014 -22.096810137499997,67.50000000000001 -22.096810137499997,67.50000000000001 -11.532550793749998,45.000000000000014 -11.532550793749998,45.000000000000014 -22.096810137499997))	3314
11	6	POLYGON ((67.50000000000001 -22.096810137499997,90.00000000000003 -22.096810137499997,90.00000000000003 -11.532550793749998,67.50000000000001 -11.532550793749998,67.50000000000001 -22.096810137499997))	0
12	6	POLYGON ((90.00000000000003 -22.096810137499997,112.50000000000003 -22.096810137499997,112.50000000000003 -11.532550793749998,90.00000000000003 -11.532550793749998,90.00000000000003 -22.096810137499997))	21
13	6	POLYGON ((112.50000000000003 -22.096810137499997,135.00000000000003 -22.096810137499997,135.00000000000003 -11.532550793749998,112.50000000000003 -11.532550793749998,112.50000000000003 -22.096810137499997))	622
14	6	POLYGON ((135.00000000000003 -22.096810137499997,157.50000000000003 -22.096810137499997,157.50000000000003 -11.532550793749998,135.00000000000003 -11.532550793749998,135.00000000000003 -22.096810137499997))	1106
15	6	POLYGON ((157.50000000000003 -22.096810137499997,180.00000000000003 -22.096810137499997,180.00000000000003 -11.532550793749998,157.50000000000003 -11.532550793749998,157.50000000000003 -22.096810137499997))	944
0	7	POLYGON ((-180.0 -11.532550793749998,-157.5 -11.532550793749998,-157.5 -0.9682914499999953,-180.0 -0.9682914499999953,-180.0 -11.532550793749998))	79
1	7	POLYGON ((-157.5 -11.532550793749998,-135.0 -11.532550793749998,-135.0 -0.9682914499999953,-157.5 -0.9682914499999953,-157.5 -11.532550793749998))	31
2	7	POLYGON ((-135.0 -11.532550793749998,-112.5 -11.532550793749998,-112.5 -0.9682914499999953,-135.0 -0.9682914499999953,-135.0 -11.532550793749998))	0
3	7	POLYGON ((-112.5 -11.532550793749998,-90.0 -11.532550793749998,-90.0 -0.9682914499999953,-112.5 -0.9682914499999953,-112.5 -11.532550793749998))	8
4	7	POLYGON ((-90.0 -11.532550793749998,-67.5 -11.532550793749998,-67.5 -0.9682914499999953,-90.0 -0.9682914499999953,-90.0 -11.532550793749998))	2090
5	7	POLYGON ((-67.5 -11.532550793749998,-44.999999999999986 -11.532550793749998,-44.999999999999986 -0.9682914499999953,-67.5 -0.9682914499999953,-67.5 -11.532550793749998))	2703
6	7	POLYGON ((-44.999999999999986 -11.532550793749998,-22.499999999999986 -11.532550793749998,-22.499999999999986 -0.9682914499999953,-44.999999999999986 -0.9682914499999953,-44.999999999999986 -11.532550793749998))	1316
7	7	POLYGON ((-22.499999999999986 -11.532550793749998,1.4210854715202004E-14 -11.532550793749998,1.4210854715202004E-14 -0.9682914499999953,-22.499999999999986 -0.9682914499999953,-22.499999999999986 -11.532550793749998))	0
8	7	POLYGON ((1.4210854715202004E-14 -11.532550793749998,22.500000000000014 -11.532550793749998,22.500000000000014 -0.9682914499999953,1.4210854715202004E-14 -0.9682914499999953,1.4210854715202004E-14 -11.532550793749998))	611
9	7	POLYGON ((22.500000000000014 -11.532550793749998,45.000000000000014 -11.532550793749998,45.000000000000014 -0.9682914499999953,22.500000000000014 -0.9682914499999953,22.500000000000014 -11.532550793749998))	2323
10	7	POLYGON ((45.000000000000014 -11.532550793749998,67.50000000000001 -11.532550793749998,67.50000000000001 -0.9682914499999953,45.000000000000014 -0.9682914499999953,45.000000000000014 -11.532550793749998))	34
11	7	POLYGON ((67.50000000000001 -11.532550793749998,90.00000000000003 -11.532550793749998,90.00000000000003 -0.9682914499999953,67.50000000000001 -0.9682914499999953,67.50000000000001 -11.532550793749998))	16
12	7	POLYGON ((90.00000000000003 -11.532550793749998,112.50000000000003 -11.532550793749998,112.50000000000003 -0.9682914499999953,90.00000000000003 -0.9682914499999953,90.00000000000003 -11.532550793749998))	1979
13	7	POLYGON ((112.50000000000003 -11.532550793749998,135.00000000000003 -11.532550793749998,135.00000000000003 -0.9682914499999953,112.50000000000003 -0.9682914499999953,112.50000000000003 -11.532550793749998))	2687
14	7	POLYGON ((135.00000000000003 -11.532550793749998,157.50000000000003 -11.532550793749998,157.50000000000003 -0.9682914499999953,135.00000000000003 -0.9682914499999953,135.00000000000003 -11.532550793749998))	1285
15	7	POLYGON ((157.50000000000003 -11.532550793749998,180.00000000000003 -11.532550793749998,180.00000000000003 -0.9682914499999953,157.50000000000003 -0.9682914499999953,157.50000000000003 -11.532550793749998))	432
0	8	POLYGON ((-180.0 -0.9682914499999953,-157.5 -0.9682914499999953,-157.5 9.595967893750007,-180.0 9.595967893750007,-180.0 -0.9682914499999953))	21
1	8	POLYGON ((-157.5 -0.9682914499999953,-135.0 -0.9682914499999953,-135.0 9.595967893750007,-157.5 9.595967893750007,-157.5 -0.9682914499999953))	63
2	8	POLYGON ((-135.0 -0.9682914499999953,-112.5 -0.9682914499999953,-112.5 9.595967893750007,-135.0 9.595967893750007,-135.0 -0.9682914499999953))	0
3	8	POLYGON ((-112.5 -0.9682914499999953,-90.0 -0.9682914499999953,-90.0 9.595967893750007,-112.5 9.595967893750007,-112.5 -0.9682914499999953))	63
4	8	POLYGON ((-90.0 -0.9682914499999953,-67.5 -0.9682914499999953,-67.5 9.595967893750007,-90.0 9.595967893750007,-90.0 -0.9682914499999953))	5513
5	8	POLYGON ((-67.5 -0.9682914499999953,-44.999999999999986 -0.9682914499999953,-44.999999999999986 9.595967893750007,-67.5 9.595967893750007,-67.5 -0.9682914499999953))	2544
6	8	POLYGON ((-44.999999999999986 -0.9682914499999953,-22.499999999999986 -0.9682914499999953,-22.499999999999986 9.595967893750007,-44.999999999999986 9.595967893750007,-44.999999999999986 -0.9682914499999953))	4
7	8	POLYGON ((-22.499999999999986 -0.9682914499999953,1.4210854715202004E-14 -0.9682914499999953,1.4210854715202004E-14 9.595967893750007,-22.499999999999986 9.595967893750007,-22.499999999999986 -0.9682914499999953))	1516
8	8	POLYGON ((1.4210854715202004E-14 -0.9682914499999953,22.500000000000014 -0.9682914499999953,22.500000000000014 9.595967893750007,1.4210854715202004E-14 9.595967893750007,1.4210854715202004E-14 -0.9682914499999953))	1952
9	8	POLYGON ((22.500000000000014 -0.9682914499999953,45.000000000000014 -0.9682914499999953,45.000000000000014 9.595967893750007,22.500000000000014 9.595967893750007,22.500000000000014 -0.9682914499999953))	1640
10	8	POLYGON ((45.000000000000014 -0.9682914499999953,67.50000000000001 -0.9682914499999953,67.50000000000001 9.595967893750007,45.000000000000014 9.595967893750007,45.000000000000014 -0.9682914499999953))	76
11	8	POLYGON ((67.50000000000001 -0.9682914499999953,90.00000000000003 -0.9682914499999953,90.00000000000003 9.595967893750007,67.50000000000001 9.595967893750007,67.50000000000001 -0.9682914499999953))	1053
12	8	POLYGON ((90.00000000000003 -0.9682914499999953,112.50000000000003 -0.9682914499999953,112.50000000000003 9.595967893750007,90.00000000000003 9.595967893750007,90.00000000000003 -0.9682914499999953))	2978
13	8	POLYGON ((112.50000000000003 -0.9682914499999953,135.00000000000003 -0.9682914499999953,135.00000000000003 9.595967893750007,112.50000000000003 9.595967893750007,112.50000000000003 -0.9682914499999953))	2485
14	8	POLYGON ((135.00000000000003 -0.9682914499999953,157.50000000000003 -0.9682914499999953,157.50000000000003 9.595967893750007,135.00000000000003 9.595967893750007,135.00000000000003 -0.9682914499999953))	141
15	8	POLYGON ((157.50000000000003 -0.9682914499999953,180.00000000000003 -0.9682914499999953,180.00000000000003 9.595967893750007,157.50000000000003 9.595967893750007,157.50000000000003 -0.9682914499999953))	375
0	9	POLYGON ((-180.0 9.595967893750007,-157.5 9.595967893750007,-157.5 20.16022723750001,-180.0 20.16022723750001,-180.0 9.595967893750007))	2
1	9	POLYGON ((-157.5 9.595967893750007,-135.0 9.595967893750007,-135.0 20.16022723750001,-157.5 20.16022723750001,-157.5 9.595967893750007))	83
2	9	POLYGON ((-135.0 9.595967893750007,-112.5 9.595967893750007,-112.5 20.16022723750001,-135.0 20.16022723750001,-135.0 9.595967893750007))	0
3	9	POLYGON ((-112.5 9.595967893750007,-90.0 9.595967893750007,-90.0 20.16022723750001,-112.5 20.16022723750001,-112.5 9.595967893750007))	1072
4	9	POLYGON ((-90.0 9.595967893750007,-67.5 9.595967893750007,-67.5 20.16022723750001,-90.0 20.16022723750001,-90.0 9.595967893750007))	4036
5	9	POLYGON ((-67.5 9.595967893750007,-44.999999999999986 9.595967893750007,-44.999999999999986 20.16022723750001,-67.5 20.16022723750001,-67.5 9.595967893750007))	2363
6	9	POLYGON ((-44.999999999999986 9.595967893750007,-22.499999999999986 9.595967893750007,-22.499999999999986 20.16022723750001,-44.999999999999986 20.16022723750001,-44.999999999999986 9.595967893750007))	15
7	9	POLYGON ((-22.499999999999986 9.595967893750007,1.4210854715202004E-14 9.595967893750007,1.4210854715202004E-14 20.16022723750001,-22.499999999999986 20.16022723750001,-22.499999999999986 9.595967893750007))	3178
8	9	POLYGON ((1.4210854715202004E-14 9.595967893750007,22.500000000000014 9.595967893750007,22.500000000000014 20.16022723750001,1.4210854715202004E-14 20.16022723750001,1.4210854715202004E-14 9.595967893750007))	812
9	9	POLYGON ((22.500000000000014 9.595967893750007,45.000000000000014 9.595967893750007,45.000000000000014 20.16022723750001,22.500000000000014 20.16022723750001,22.500000000000014 9.595967893750007))	853
10	9	POLYGON ((45.000000000000014 9.595967893750007,67.50000000000001 9.595967893750007,67.50000000000001 20.16022723750001,45.000000000000014 20.16022723750001,45.000000000000014 9.595967893750007))	381
11	9	POLYGON ((67.50000000000001 9.595967893750007,90.00000000000003 9.595967893750007,90.00000000000003 20.16022723750001,67.50000000000001 20.16022723750001,67.50000000000001 9.595967893750007))	4935
12	9	POLYGON ((90.00000000000003 9.595967893750007,112.50000000000003 9.595967893750007,112.50000000000003 20.16022723750001,90.00000000000003 20.16022723750001,90.00000000000003 9.595967893750007))	15692
13	9	POLYGON ((112.50000000000003 9.595967893750007,135.00000000000003 9.595967893750007,135.00000000000003 20.16022723750001,112.50000000000003 20.16022723750001,112.50000000000003 9.595967893750007))	7382
14	9	POLYGON ((135.00000000000003 9.595967893750007,157.50000000000003 9.595967893750007,157.50000000000003 20.16022723750001,135.00000000000003 20.16022723750001,135.00000000000003 9.595967893750007))	38
15	9	POLYGON ((157.50000000000003 9.595967893750007,180.00000000000003 9.595967893750007,180.00000000000003 20.16022723750001,157.50000000000003 20.16022723750001,157.50000000000003 9.595967893750007))	138
0	10	POLYGON ((-180.0 20.16022723750001,-157.5 20.16022723750001,-157.5 30.724486581250005,-180.0 30.724486581250005,-180.0 20.16022723750001))	370
1	10	POLYGON ((-157.5 20.16022723750001,-135.0 20.16022723750001,-135.0 30.724486581250005,-157.5 30.724486581250005,-157.5 20.16022723750001))	66
2	10	POLYGON ((-135.0 20.16022723750001,-112.5 20.16022723750001,-112.5 30.724486581250005,-135.0 30.724486581250005,-135.0 20.16022723750001))	127
3	10	POLYGON ((-112.5 20.16022723750001,-90.0 20.16022723750001,-90.0 30.724486581250005,-112.5 30.724486581250005,-112.5 20.16022723750001))	9884
4	10	POLYGON ((-90.0 20.16022723750001,-67.5 20.16022723750001,-67.5 30.724486581250005,-90.0 30.724486581250005,-90.0 20.16022723750001))	33259
5	10	POLYGON ((-67.5 20.16022723750001,-44.999999999999986 20.16022723750001,-44.999999999999986 30.724486581250005,-67.5 30.724486581250005,-67.5 20.16022723750001))	0
6	10	POLYGON ((-44.999999999999986 20.16022723750001,-22.499999999999986 20.16022723750001,-22.499999999999986 30.724486581250005,-44.999999999999986 30.724486581250005,-44.999999999999986 20.16022723750001))	0
7	10	POLYGON ((-22.499999999999986 20.16022723750001,1.4210854715202004E-14 20.16022723750001,1.4210854715202004E-14 30.724486581250005,-22.499999999999986 30.724486581250005,-22.499999999999986 20.16022723750001))	419
8	10	POLYGON ((1.4210854715202004E-14 20.16022723750001,22.500000000000014 20.16022723750001,22.500000000000014 30.724486581250005,1.4210854715202004E-14 30.724486581250005,1.4210854715202004E-14 20.16022723750001))	27
9	10	POLYGON ((22.500000000000014 20.16022723750001,45.000000000000014 20.16022723750001,45.000000000000014 30.724486581250005,22.500000000000014 30.724486581250005,22.500000000000014 20.16022723750001))	304
10	10	POLYGON ((45.000000000000014 20.16022723750001,67.50000000000001 20.16022723750001,67.50000000000001 30.724486581250005,45.000000000000014 30.724486581250005,45.000000000000014 20.16022723750001))	1659
11	10	POLYGON ((67.50000000000001 20.16022723750001,90.00000000000003 20.16022723750001,90.00000000000003 30.724486581250005,67.50000000000001 30.724486581250005,67.50000000000001 20.16022723750001))	9920
12	10	POLYGON ((90.00000000000003 20.16022723750001,112.50000000000003 20.16022723750001,112.50000000000003 30.724486581250005,90.00000000000003 30.724486581250005,90.00000000000003 20.16022723750001))	5981
13	10	POLYGON ((112.50000000000003 20.16022723750001,135.00000000000003 20.16022723750001,135.00000000000003 30.724486581250005,112.50000000000003 30.724486581250005,112.50000000000003 20.16022723750001))	12214
14	10	POLYGON ((135.00000000000003 20.16022723750001,157.50000000000003 20.16022723750001,157.50000000000003 30.724486581250005,135.00000000000003 30.724486581250005,135.00000000000003 20.16022723750001))	840
15	10	POLYGON ((157.50000000000003 20.16022723750001,180.00000000000003 20.16022723750001,180.00000000000003 30.724486581250005,157.50000000000003 30.724486581250005,157.50000000000003 20.16022723750001))	0
0	11	POLYGON ((-180.0 30.724486581250005,-157.5 30.724486581250005,-157.5 41.28874592500001,-180.0 41.28874592500001,-180.0 30.724486581250005))	0
1	11	POLYGON ((-157.5 30.724486581250005,-135.0 30.724486581250005,-135.0 41.28874592500001,-157.5 41.28874592500001,-157.5 30.724486581250005))	0
2	11	POLYGON ((-135.0 30.724486581250005,-112.5 30.724486581250005,-112.5 41.28874592500001,-135.0 41.28874592500001,-135.0 30.724486581250005))	23030
3	11	POLYGON ((-112.5 30.724486581250005,-90.0 30.724486581250005,-90.0 41.28874592500001,-112.5 41.28874592500001,-112.5 30.724486581250005))	81685
4	11	POLYGON ((-90.0 30.724486581250005,-67.5 30.724486581250005,-67.5 41.28874592500001,-90.0 41.28874592500001,-90.0 30.724486581250005))	110250
5	11	POLYGON ((-67.5 30.724486581250005,-44.999999999999986 30.724486581250005,-44.999999999999986 41.28874592500001,-67.5 41.28874592500001,-67.5 30.724486581250005))	33
6	11	POLYGON ((-44.999999999999986 30.724486581250005,-22.499999999999986 30.724486581250005,-22.499999999999986 41.28874592500001,-44.999999999999986 41.28874592500001,-44.999999999999986 30.724486581250005))	45
7	11	POLYGON ((-22.499999999999986 30.724486581250005,1.4210854715202004E-14 30.724486581250005,1.4210854715202004E-14 41.28874592500001,-22.499999999999986 41.28874592500001,-22.499999999999986 30.724486581250005))	5018
8	11	POLYGON ((1.4210854715202004E-14 30.724486581250005,22.500000000000014 30.724486581250005,22.500000000000014 41.28874592500001,1.4210854715202004E-14 41.28874592500001,1.4210854715202004E-14 30.724486581250005))	3231
9	11	POLYGON ((22.500000000000014 30.724486581250005,45.000000000000014 30.724486581250005,45.000000000000014 41.28874592500001,22.500000000000014 41.28874592500001,22.500000000000014 30.724486581250005))	6033
10	11	POLYGON ((45.000000000000014 30.724486581250005,67.50000000000001 30.724486581250005,67.50000000000001 41.28874592500001,45.000000000000014 41.28874592500001,45.000000000000014 30.724486581250005))	1197
11	11	POLYGON ((67.50000000000001 30.724486581250005,90.00000000000003 30.724486581250005,90.00000000000003 41.28874592500001,67.50000000000001 41.28874592500001,67.50000000000001 30.724486581250005))	1951
12	11	POLYGON ((90.00000000000003 30.724486581250005,112.50000000000003 30.724486581250005,112.50000000000003 41.28874592500001,90.00000000000003 41.28874592500001,90.00000000000003 30.724486581250005))	1855
13	11	POLYGON ((112.50000000000003 30.724486581250005,135.00000000000003 30.724486581250005,135.00000000000003 41.28874592500001,112.50000000000003 41.28874592500001,112.50000000000003 30.724486581250005))	45614
14	11	POLYGON ((135.00000000000003 30.724486581250005,157.50000000000003 30.724486581250005,157.50000000000003 41.28874592500001,135.00000000000003 41.28874592500001,135.00000000000003 30.724486581250005))	38524
15	11	POLYGON ((157.50000000000003 30.724486581250005,180.00000000000003 30.724486581250005,180.00000000000003 41.28874592500001,157.50000000000003 41.28874592500001,157.50000000000003 30.724486581250005))	0
0	12	POLYGON ((-180.0 41.28874592500001,-157.5 41.28874592500001,-157.5 51.85300526875,-180.0 51.85300526875,-180.0 41.28874592500001))	85
1	12	POLYGON ((-157.5 41.28874592500001,-135.0 41.28874592500001,-135.0 51.85300526875,-157.5 51.85300526875,-157.5 41.28874592500001))	0
2	12	POLYGON ((-135.0 41.28874592500001,-112.5 41.28874592500001,-112.5 51.85300526875,-135.0 51.85300526875,-135.0 41.28874592500001))	30803
3	12	POLYGON ((-112.5 41.28874592500001,-90.0 41.28874592500001,-90.0 51.85300526875,-112.5 51.85300526875,-112.5 41.28874592500001))	141849
4	12	POLYGON ((-90.0 41.28874592500001,-67.5 41.28874592500001,-67.5 51.85300526875,-90.0 51.85300526875,-90.0 41.28874592500001))	189372
5	12	POLYGON ((-67.5 41.28874592500001,-44.999999999999986 41.28874592500001,-44.999999999999986 51.85300526875,-67.5 51.85300526875,-67.5 41.28874592500001))	194969
6	12	POLYGON ((-44.999999999999986 41.28874592500001,-22.499999999999986 41.28874592500001,-22.499999999999986 51.85300526875,-44.999999999999986 51.85300526875,-44.999999999999986 41.28874592500001))	0
7	12	POLYGON ((-22.499999999999986 41.28874592500001,1.4210854715202004E-14 41.28874592500001,1.4210854715202004E-14 51.85300526875,-22.499999999999986 51.85300526875,-22.499999999999986 41.28874592500001))	40398
8	12	POLYGON ((1.4210854715202004E-14 41.28874592500001,22.500000000000014 41.28874592500001,22.500000000000014 51.85300526875,1.4210854715202004E-14 51.85300526875,1.4210854715202004E-14 41.28874592500001))	152516
9	12	POLYGON ((22.500000000000014 41.28874592500001,45.000000000000014 41.28874592500001,45.000000000000014 51.85300526875,22.500000000000014 51.85300526875,22.500000000000014 41.28874592500001))	28331
10	12	POLYGON ((45.000000000000014 41.28874592500001,67.50000000000001 41.28874592500001,67.50000000000001 51.85300526875,45.000000000000014 51.85300526875,45.000000000000014 41.28874592500001))	2308
11	12	POLYGON ((67.50000000000001 41.28874592500001,90.00000000000003 41.28874592500001,90.00000000000003 51.85300526875,67.50000000000001 51.85300526875,67.50000000000001 41.28874592500001))	2730
12	12	POLYGON ((90.00000000000003 41.28874592500001,112.50000000000003 41.28874592500001,112.50000000000003 51.85300526875,90.00000000000003 51.85300526875,90.00000000000003 41.28874592500001))	577
13	12	POLYGON ((112.50000000000003 41.28874592500001,135.00000000000003 41.28874592500001,135.00000000000003 51.85300526875,112.50000000000003 51.85300526875,112.50000000000003 41.28874592500001))	2939
14	12	POLYGON ((135.00000000000003 41.28874592500001,157.50000000000003 41.28874592500001,157.50000000000003 51.85300526875,135.00000000000003 51.85300526875,135.00000000000003 41.28874592500001))	10676
15	12	POLYGON ((157.50000000000003 41.28874592500001,180.00000000000003 41.28874592500001,180.00000000000003 51.85300526875,157.50000000000003 51.85300526875,157.50000000000003 41.28874592500001))	31
0	13	POLYGON ((-180.0 51.85300526875,-157.5 51.85300526875,-157.5 62.417264612500006,-180.0 62.417264612500006,-180.0 51.85300526875))	3359
1	13	POLYGON ((-157.5 51.85300526875,-135.0 51.85300526875,-135.0 62.417264612500006,-157.5 62.417264612500006,-157.5 51.85300526875))	16048
2	13	POLYGON ((-135.0 51.85300526875,-112.5 51.85300526875,-112.5 62.417264612500006,-135.0 62.417264612500006,-135.0 51.85300526875))	91574
3	13	POLYGON ((-112.5 51.85300526875,-90.0 51.85300526875,-90.0 62.417264612500006,-112.5 62.417264612500006,-112.5 51.85300526875))	62672
4	13	POLYGON ((-90.0 51.85300526875,-67.5 51.85300526875,-67.5 62.417264612500006,-90.0 62.417264612500006,-90.0 51.85300526875))	10607
5	13	POLYGON ((-67.5 51.85300526875,-44.999999999999986 51.85300526875,-44.999999999999986 62.417264612500006,-67.5 62.417264612500006,-67.5 51.85300526875))	225014
6	13	POLYGON ((-44.999999999999986 51.85300526875,-22.499999999999986 51.85300526875,-22.499999999999986 62.417264612500006,-44.999999999999986 62.417264612500006,-44.999999999999986 51.85300526875))	387
7	13	POLYGON ((-22.499999999999986 51.85300526875,1.4210854715202004E-14 51.85300526875,1.4210854715202004E-14 62.417264612500006,-22.499999999999986 62.417264612500006,-22.499999999999986 51.85300526875))	22476
8	13	POLYGON ((1.4210854715202004E-14 51.85300526875,22.500000000000014 51.85300526875,22.500000000000014 62.417264612500006,1.4210854715202004E-14 62.417264612500006,1.4210854715202004E-14 51.85300526875))	172655
9	13	POLYGON ((22.500000000000014 51.85300526875,45.000000000000014 51.85300526875,45.000000000000014 62.417264612500006,22.500000000000014 62.417264612500006,22.500000000000014 51.85300526875))	54654
10	13	POLYGON ((45.000000000000014 51.85300526875,67.50000000000001 51.85300526875,67.50000000000001 62.417264612500006,45.000000000000014 62.417264612500006,45.000000000000014 51.85300526875))	19120
11	13	POLYGON ((67.50000000000001 51.85300526875,90.00000000000003 51.85300526875,90.00000000000003 62.417264612500006,67.50000000000001 62.417264612500006,67.50000000000001 51.85300526875))	12665
12	13	POLYGON ((90.00000000000003 51.85300526875,112.50000000000003 51.85300526875,112.50000000000003 62.417264612500006,90.00000000000003 62.417264612500006,90.00000000000003 51.85300526875))	2359
13	13	POLYGON ((112.50000000000003 51.85300526875,135.00000000000003 51.85300526875,135.00000000000003 62.417264612500006,112.50000000000003 62.417264612500006,112.50000000000003 51.85300526875))	1552
14	13	POLYGON ((135.00000000000003 51.85300526875,157.50000000000003 51.85300526875,157.50000000000003 62.417264612500006,135.00000000000003 62.417264612500006,135.00000000000003 51.85300526875))	3078
15	13	POLYGON ((157.50000000000003 51.85300526875,180.00000000000003 51.85300526875,180.00000000000003 62.417264612500006,157.50000000000003 62.417264612500006,157.50000000000003 51.85300526875))	959
0	14	POLYGON ((-180.0 62.417264612500006,-157.5 62.417264612500006,-157.5 72.98152395625002,-180.0 72.98152395625002,-180.0 62.417264612500006))	4116
1	14	POLYGON ((-157.5 62.417264612500006,-135.0 62.417264612500006,-135.0 72.98152395625002,-157.5 72.98152395625002,-157.5 62.417264612500006))	3686
2	14	POLYGON ((-135.0 62.417264612500006,-112.5 62.417264612500006,-112.5 72.98152395625002,-135.0 72.98152395625002,-135.0 62.417264612500006))	8965
3	14	POLYGON ((-112.5 62.417264612500006,-90.0 62.417264612500006,-90.0 72.98152395625002,-112.5 72.98152395625002,-112.5 62.417264612500006))	25368
4	14	POLYGON ((-90.0 62.417264612500006,-67.5 62.417264612500006,-67.5 72.98152395625002,-90.0 72.98152395625002,-90.0 62.417264612500006))	5561
5	14	POLYGON ((-67.5 62.417264612500006,-44.999999999999986 62.417264612500006,-44.999999999999986 72.98152395625002,-67.5 72.98152395625002,-67.5 62.417264612500006))	4705
6	14	POLYGON ((-44.999999999999986 62.417264612500006,-22.499999999999986 62.417264612500006,-22.499999999999986 72.98152395625002,-44.999999999999986 72.98152395625002,-44.999999999999986 62.417264612500006))	628
7	14	POLYGON ((-22.499999999999986 62.417264612500006,1.4210854715202004E-14 62.417264612500006,1.4210854715202004E-14 72.98152395625002,-22.499999999999986 72.98152395625002,-22.499999999999986 62.417264612500006))	2107
8	14	POLYGON ((1.4210854715202004E-14 62.417264612500006,22.500000000000014 62.417264612500006,22.500000000000014 72.98152395625002,1.4210854715202004E-14 72.98152395625002,1.4210854715202004E-14 62.417264612500006))	25039
9	14	POLYGON ((22.500000000000014 62.417264612500006,45.000000000000014 62.417264612500006,45.000000000000014 72.98152395625002,22.500000000000014 72.98152395625002,22.500000000000014 62.417264612500006))	43584
10	14	POLYGON ((45.000000000000014 62.417264612500006,67.50000000000001 62.417264612500006,67.50000000000001 72.98152395625002,45.000000000000014 72.98152395625002,45.000000000000014 62.417264612500006))	9313
11	14	POLYGON ((67.50000000000001 62.417264612500006,90.00000000000003 62.417264612500006,90.00000000000003 72.98152395625002,67.50000000000001 72.98152395625002,67.50000000000001 62.417264612500006))	7132
12	14	POLYGON ((90.00000000000003 62.417264612500006,112.50000000000003 62.417264612500006,112.50000000000003 72.98152395625002,90.00000000000003 72.98152395625002,90.00000000000003 62.417264612500006))	1675
13	14	POLYGON ((112.50000000000003 62.417264612500006,135.00000000000003 62.417264612500006,135.00000000000003 72.98152395625002,112.50000000000003 72.98152395625002,112.50000000000003 62.417264612500006))	1722
14	14	POLYGON ((135.00000000000003 62.417264612500006,157.50000000000003 62.417264612500006,157.50000000000003 72.98152395625002,135.00000000000003 72.98152395625002,135.00000000000003 62.417264612500006))	3339
15	14	POLYGON ((157.50000000000003 62.417264612500006,180.00000000000003 62.417264612500006,180.00000000000003 72.98152395625002,157.50000000000003 72.98152395625002,157.50000000000003 62.417264612500006))	3905
0	15	POLYGON ((-180.0 72.98152395625002,-157.5 72.98152395625002,-157.5 83.54578330000001,-180.0 83.54578330000001,-180.0 72.98152395625002))	0
1	15	POLYGON ((-157.5 72.98152395625002,-135.0 72.98152395625002,-135.0 83.54578330000001,-157.5 83.54578330000001,-157.5 72.98152395625002))	0
2	15	POLYGON ((-135.0 72.98152395625002,-112.5 72.98152395625002,-112.5 83.54578330000001,-135.0 83.54578330000001,-135.0 72.98152395625002))	206
3	15	POLYGON ((-112.5 72.98152395625002,-90.0 72.98152395625002,-90.0 83.54578330000001,-112.5 83.54578330000001,-112.5 72.98152395625002))	741
4	15	POLYGON ((-90.0 72.98152395625002,-67.5 72.98152395625002,-67.5 83.54578330000001,-90.0 83.54578330000001,-90.0 72.98152395625002))	1143
5	15	POLYGON ((-67.5 72.98152395625002,-44.999999999999986 72.98152395625002,-44.999999999999986 83.54578330000001,-67.5 83.54578330000001,-67.5 72.98152395625002))	529
6	15	POLYGON ((-44.999999999999986 72.98152395625002,-22.499999999999986 72.98152395625002,-22.499999999999986 83.54578330000001,-44.999999999999986 83.54578330000001,-44.999999999999986 72.98152395625002))	28
7	15	POLYGON ((-22.499999999999986 72.98152395625002,1.4210854715202004E-14 72.98152395625002,1.4210854715202004E-14 83.54578330000001,-22.499999999999986 83.54578330000001,-22.499999999999986 72.98152395625002))	56
8	15	POLYGON ((1.4210854715202004E-14 72.98152395625002,22.500000000000014 72.98152395625002,22.500000000000014 83.54578330000001,1.4210854715202004E-14 83.54578330000001,1.4210854715202004E-14 72.98152395625002))	79
9	15	POLYGON ((22.500000000000014 72.98152395625002,45.000000000000014 72.98152395625002,45.000000000000014 83.54578330000001,22.500000000000014 83.54578330000001,22.500000000000014 72.98152395625002))	11
10	15	POLYGON ((45.000000000000014 72.98152395625002,67.50000000000001 72.98152395625002,67.50000000000001 83.54578330000001,45.000000000000014 83.54578330000001,45.000000000000014 72.98152395625002))	488
11	15	POLYGON ((67.50000000000001 72.98152395625002,90.00000000000003 72.98152395625002,90.00000000000003 83.54578330000001,67.50000000000001 83.54578330000001,67.50000000000001 72.98152395625002))	506
12	15	POLYGON ((90.00000000000003 72.98152395625002,112.50000000000003 72.98152395625002,112.50000000000003 83.54578330000001,90.00000000000003 83.54578330000001,90.00000000000003 72.98152395625002))	1843
13	15	POLYGON ((112.50000000000003 72.98152395625002,135.00000000000003 72.98152395625002,135.00000000000003 83.54578330000001,112.50000000000003 83.54578330000001,112.50000000000003 72.98152395625002))	616
14	15	POLYGON ((135.00000000000003 72.98152395625002,157.50000000000003 72.98152395625002,157.50000000000003 83.54578330000001,135.00000000000003 83.54578330000001,135.00000000000003 72.98152395625002))	175
15	15	POLYGON ((157.50000000000003 72.98152395625002,180.00000000000003 72.98152395625002,180.00000000000003 83.54578330000001,157.50000000000003 83.54578330000001,157.50000000000003 72.98152395625002))	1
