4,1,1,0,3,3,2,0,0,0,0,0,0,0,2,29
3,34,25,110,79,23,17,13,37,171,0,1978,0,0,11,468
10,0,0,0,238,2192,41,0,0,42,566,6,220,25,74,20
0,0,0,0,6920,694,45,0,1,12,0,118,0,0,0,795
322,0,0,0,2158,891,0,1,0,0,51,0,0,0,6876,7059
47,5,5,5,567,5047,0,0,621,2326,84,0,0,2572,3360,915
214,939,19,0,681,7148,1802,1,453,2756,3411,0,0,667,1310,1266
139,13,0,0,2438,1676,1400,0,589,1386,410,22,1597,2227,1375,365
25,58,0,64,3694,3570,182,643,1860,2673,65,559,2636,2293,283,342
0,0,0,613,5502,3061,18,4058,1146,1337,411,4306,14356,8648,106,243
370,150,117,4622,24909,1,0,300,71,288,1437,10509,7132,9781,834,0
0,0,19622,79631,112928,31,32,4529,2251,4900,1178,2233,2485,49270,37673,0
0,0,33907,147756,200313,177564,0,38827,130815,26630,1858,2553,531,3120,11756,0
3439,14180,91085,72164,10456,241399,342,26707,197041,55815,19960,12339,2413,1471,4118,1118
4287,5347,14578,26217,5788,5099,655,2136,33326,47043,10181,8402,1713,2067,3387,4112
0,0,190,884,1196,664,42,73,64,26,465,592,1908,704,124,0
