23,32,0,0,0,2,1,0,0,0,0,0,0,0,17,95
0,2,0,3,0,0,0,0,6,8,3,76,3,2,0,26
0,0,0,0,4,32,0,0,0,0,0,0,0,0,0,11
16,0,0,0,75,12,0,0,0,0,0,2,0,0,0,273
17,0,0,0,152,497,0,0,53,12,0,0,0,24,1830,505
0,0,0,0,10,1029,37,0,48,239,10,0,0,120,377,0
36,2,0,0,199,513,207,0,52,236,247,0,0,41,122,53
0,2,0,0,372,557,334,0,188,259,14,0,114,201,210,5
0,50,0,1,577,444,1,635,655,293,1,33,465,131,0,35
0,0,0,260,686,170,0,834,199,97,1,2178,838,539,14,0
27,2,2,2018,4748,0,0,27,12,128,149,2521,757,804,0,0
0,0,1818,2588,7906,2,0,446,239,583,212,316,277,916,327,0
0,0,3869,15842,74448,29706,0,2589,14659,3906,241,378,105,554,748,0
209,1509,12977,15918,6417,36498,2,5853,24808,17136,6287,2970,841,249,1121,352
480,867,3568,2555,152,229,8,130,3728,11225,1961,2162,173,552,2903,1408
0,0,2,5,99,25,0,0,17,1,27,143,313,118,3,0
