8,26,0,2,1,2,18,0,0,0,0,0,0,0,2,147
5,14,21,120,273,880,0,13,41,237,596,1965,223,19,115,279
0,0,0,0,1412,1546,93,0,0,0,0,0,0,0,0,90
348,0,0,0,7008,640,0,0,0,20,64,81,0,0,53,2919
0,0,0,0,1338,1628,0,0,294,161,0,0,0,801,8722,5581
38,8,20,2,231,7472,666,0,471,2708,624,0,0,1780,1890,89
289,967,0,0,1716,4893,1567,4,403,2613,3358,0,3,697,1176,1083
67,15,0,7,2150,2928,1322,0,633,2583,72,17,2024,2829,1293,368
21,74,0,52,5527,2694,1,1478,1997,1858,98,1097,3267,2579,120,432
4,86,0,1072,4404,2516,13,3314,943,976,417,5023,15608,7970,84,116
372,65,132,10060,33667,0,0,420,28,300,1705,10013,6262,12105,799,0
0,0,23309,83021,114406,43,58,5487,3306,6343,1326,1976,1737,46811,38298,0
102,0,31676,143616,191598,195336,0,41012,158694,29681,2403,2880,647,2890,10594,29
3560,16269,95402,62343,10785,223425,396,23325,177890,55729,19432,12973,2284,1731,3191,1109
4421,3871,8593,25881,5700,5050,729,1967,25521,43450,9323,7031,1753,2001,3365,4145
0,0,184,690,1173,553,33,78,42,20,479,427,1847,570,161,2
