15,47,0,5,1,3,25,0,0,0,0,0,1,0,1,162
15,6,13,111,274,1074,0,5,29,224,611,1993,222,20,97,232
0,0,0,0,1620,1371,91,0,0,0,0,0,0,0,0,78
357,0,0,0,6580,640,0,0,0,28,34,119,0,0,72,2934
0,0,0,0,1371,1597,0,5,368,177,0,0,0,989,8169,5520
14,10,22,3,200,7310,614,0,490,2676,579,0,0,1758,1885,206
281,935,0,0,1586,4424,1569,2,378,2409,3314,0,21,622,1106,944
79,31,0,8,2090,2703,1316,0,611,2323,34,16,1979,2687,1285,432
21,63,0,63,5513,2544,4,1516,1952,1640,76,1053,2978,2485,141,375
2,83,0,1072,4036,2363,15,3178,812,853,381,4935,15692,7382,38,138
370,66,127,9884,33259,0,0,419,27,304,1659,9920,5981,12214,840,0
0,0,23030,81685,110250,33,45,5018,3231,6033,1197,1951,1855,45614,38524,0
85,0,30803,141849,189372,194969,0,40398,152516,28331,2308,2730,577,2939,10676,31
3359,16048,91574,62672,10607,225014,387,22476,172655,54654,19120,12665,2359,1552,3078,959
4116,3686,8965,25368,5561,4705,628,2107,25039,43584,9313,7132,1675,1722,3339,3905
0,0,206,741,1143,529,28,56,79,11,488,506,1843,616,175,1
