1,1,1,0,0,1,0,0,0,3,2,0,0,0,0,0,0,0,0,0,0,0,0,0,0,0,0,0,0,0,1,0
2,0,0,0,0,0,0,0,0,0,0,1,1,1,0,0,0,0,0,0,0,0,0,0,0,0,0,0,0,2,27,1
0,3,9,25,6,14,92,0,0,0,1,0,6,11,1,0,0,0,0,0,0,0,0,0,0,0,0,0,0,0,243,6
0,0,0,0,5,0,11,7,9,70,22,0,0,0,3,9,5,32,13,158,0,0,1978,0,0,0,0,0,0,11,80,139
10,0,0,0,0,0,0,0,0,238,1684,39,0,0,0,0,0,0,0,42,130,436,2,4,10,210,9,16,71,3,20,0
0,0,0,0,0,0,0,0,0,0,251,218,41,0,0,0,0,0,0,0,0,0,0,0,0,0,0,0,0,0,0,0
0,0,0,0,0,0,0,0,0,3491,208,0,43,2,0,0,1,0,0,0,0,0,12,0,0,0,0,0,0,0,81,72
0,0,0,0,0,0,0,0,0,3429,486,0,0,0,0,0,0,0,0,12,0,0,106,0,0,0,0,0,0,0,620,22
322,0,0,0,0,0,0,0,0,1556,51,0,0,0,0,0,0,0,0,0,51,0,0,0,0,0,0,0,1300,3412,1034,2067
0,0,0,0,0,0,0,0,0,602,840,0,0,0,1,0,0,0,0,0,0,0,0,0,0,0,0,0,1714,450,0,3958
0,0,0,0,0,0,0,0,2,491,1180,364,0,0,0,0,0,497,411,0,0,0,0,0,0,0,1962,65,938,1280,5,904
47,0,0,5,5,0,5,0,0,74,993,2510,0,0,0,0,0,124,1895,20,84,0,0,0,0,0,504,41,272,870,6,0
41,4,1,55,19,0,0,0,0,57,960,2899,1321,0,0,0,0,274,368,741,1332,68,0,0,0,0,328,45,147,579,832,1
145,24,322,561,0,0,0,0,0,624,2186,1103,481,0,0,1,0,179,711,936,2002,9,0,0,0,0,69,225,524,60,98,335
74,41,4,8,0,0,0,0,0,1657,639,413,633,0,0,0,0,232,279,299,355,2,0,0,3,0,437,350,251,121,156,8
24,0,1,0,0,0,0,0,209,572,438,186,763,4,0,0,8,349,198,610,53,0,22,0,7,1587,1160,280,498,505,161,40
1,0,58,0,0,0,0,64,466,685,391,2157,180,2,0,0,270,149,1240,659,7,0,108,0,258,763,389,798,136,71,5,92
0,24,0,0,0,0,0,0,50,2493,508,514,0,0,83,560,857,584,647,127,58,0,227,224,1145,470,604,502,9,67,81,164
0,0,0,0,0,0,1,1,1643,2322,978,0,0,0,1529,799,443,431,503,493,327,0,942,581,1931,4608,3422,1972,35,17,128,113
0,0,0,0,0,0,48,563,1150,387,2083,0,0,18,627,1103,169,103,32,309,81,3,2129,654,1992,5825,3177,77,54,0,0,2
0,275,150,0,0,0,431,666,2379,2185,1,0,0,0,79,0,40,13,9,120,3,153,2717,4015,2665,1960,2378,0,13,0,0,0
93,2,0,0,0,117,670,2855,18407,1938,0,0,0,0,188,33,7,11,65,94,845,436,1560,2217,1055,1452,3313,4090,816,5,0,0
0,0,0,0,0,2186,7120,16258,50122,3942,31,0,0,0,93,600,92,80,286,1058,361,29,1172,365,448,1552,5927,33429,7916,0,0,0
0,0,0,0,149,17287,17181,39072,35500,23364,0,0,0,32,0,3836,768,1311,1987,1569,623,165,594,102,145,340,989,8925,29757,0,0,0
0,0,0,0,1067,8992,5374,43011,32874,48328,9248,0,0,0,0,5549,21377,5559,3906,5277,751,183,1378,233,64,73,449,1590,9811,299,0,0
0,0,0,0,8417,15431,15261,84110,58970,60141,91580,76736,0,0,0,33278,66369,37510,10052,7395,733,191,171,771,177,217,303,778,1360,286,0,0
233,1548,41,0,21129,26114,22822,18893,1498,7082,202938,9995,0,0,0,20194,94121,30900,13465,15027,6328,3572,2910,3876,1091,936,355,342,2986,196,454,46
7,1651,6404,7735,13538,30304,2606,27843,464,1412,27346,1120,342,0,0,6513,38398,33622,19702,7621,4401,5659,4840,713,204,182,258,516,454,482,534,84
1002,2678,1113,3613,1427,10298,3032,1300,618,4277,1324,2764,411,231,2108,15,10792,16054,20136,12710,2150,3047,2767,400,282,188,586,709,318,319,294,554
450,157,241,380,2530,323,19679,2206,391,502,86,925,0,13,12,1,0,6480,10522,3675,3892,1092,1201,4034,849,394,83,689,713,2037,3095,169
0,0,0,0,76,107,291,493,185,96,168,185,0,4,41,0,0,3,8,0,90,79,114,461,434,581,325,379,82,42,0,0
0,0,0,0,0,7,19,81,51,864,303,8,22,16,32,0,2,59,16,2,201,95,15,2,682,211,0,0,0,0,0,0
