17,6,8,4,0,0,0,0,0,0,0,2,0,0,0,0,0,0,0,0,0,0,0,0,0,0,0,0,0,0,10,0
0,0,0,20,0,0,0,0,0,0,0,0,0,1,0,0,0,0,0,0,0,0,0,0,0,0,0,0,0,17,85,0
0,0,0,2,0,0,3,0,0,0,0,0,0,0,0,0,0,6,5,0,0,0,25,0,0,0,0,0,0,0,22,3
0,0,0,0,0,0,0,0,0,0,0,0,0,0,0,0,0,0,0,3,0,3,51,0,3,0,2,0,0,0,1,0
0,0,0,0,0,0,0,0,0,0,17,3,0,0,0,0,0,0,0,0,0,0,0,0,0,0,0,0,0,0,0,0
0,0,0,0,0,0,0,0,0,4,12,0,0,0,0,0,0,0,0,0,0,0,0,0,0,0,0,0,0,0,11,0
0,0,0,0,0,0,0,0,0,40,11,0,0,0,0,0,0,0,0,0,0,0,2,0,0,0,0,0,0,0,10,1
16,0,0,0,0,0,0,0,0,35,1,0,0,0,0,0,0,0,0,0,0,0,0,0,0,0,0,0,0,0,126,136
17,0,0,0,0,0,0,0,0,105,69,0,0,0,0,0,0,0,0,0,0,0,0,0,0,0,0,0,267,998,0,310
0,0,0,0,0,0,0,0,0,47,351,77,0,0,0,0,0,53,12,0,0,0,0,0,0,0,24,0,331,234,0,195
0,0,0,0,0,0,0,0,0,6,144,227,0,0,0,0,0,46,86,0,0,0,0,0,0,0,91,10,15,150,0,0
0,0,0,0,0,0,0,0,0,4,106,552,37,0,0,0,0,2,100,53,10,0,0,0,0,0,17,2,15,197,0,0
30,0,0,0,0,0,0,0,0,6,84,182,159,0,0,0,0,17,53,111,167,0,0,0,0,0,14,3,34,48,38,4
6,0,2,0,0,0,0,0,0,193,151,96,48,0,0,0,0,35,33,39,80,0,0,0,0,0,3,21,40,0,2,9
0,0,0,2,0,0,0,0,0,131,94,76,97,0,0,0,0,47,57,35,14,0,0,0,0,24,42,108,17,14,1,2
0,0,0,0,0,0,0,0,56,185,180,207,237,0,0,0,21,120,132,35,0,0,0,0,11,79,41,10,173,6,0,2
0,0,50,0,0,0,0,1,39,158,136,119,0,1,0,0,88,148,142,43,1,0,2,0,49,125,48,7,0,0,0,7
0,0,0,0,0,0,0,0,105,275,158,31,0,0,393,242,220,199,85,23,0,0,7,24,246,45,35,41,0,0,28,0
0,0,0,0,0,0,0,36,229,211,61,0,0,0,520,116,108,75,13,47,0,0,615,83,62,248,150,103,14,0,0,0
0,0,0,0,0,0,29,195,75,171,109,0,0,0,40,158,16,0,31,6,0,1,1104,376,213,315,286,0,0,0,0,0
0,27,2,0,0,0,61,102,122,96,0,0,0,0,7,0,0,0,25,1,70,2,991,851,202,318,444,0,0,0,0,0
0,0,0,0,0,2,20,1835,4522,8,0,0,0,0,16,4,2,10,95,7,52,25,334,345,76,161,358,2,0,0,0,0
0,0,0,0,0,398,346,1182,2892,1848,2,0,0,0,0,38,22,14,30,96,75,4,153,54,32,171,408,129,114,0,0,0
0,0,0,0,64,1356,793,267,1062,2104,0,0,0,0,0,408,55,148,221,236,53,80,90,19,23,51,202,177,213,0,0,0
0,0,0,0,77,1225,525,2793,6500,7816,4691,0,0,0,0,676,2128,1211,320,1040,66,38,182,38,1,2,72,293,69,36,0,0
0,0,0,0,825,1742,874,11650,37147,22985,15624,9391,0,0,0,1913,6819,4501,1265,1281,125,12,59,99,42,60,72,117,622,21,0,0
5,14,0,0,1826,2976,5673,6740,38,6266,30823,1409,0,0,0,4878,11200,3184,2683,3485,2322,1129,371,564,390,262,97,56,714,84,157,0
0,190,415,1094,2177,5998,1062,2443,0,113,4264,2,2,0,0,975,6435,3989,7278,3690,941,1895,1930,105,143,46,41,55,270,53,143,52
246,103,239,558,168,3019,1161,67,92,60,1,211,1,7,128,0,736,2156,4521,2855,284,964,1622,50,42,16,70,123,64,258,79,240
99,32,43,27,378,3,1269,58,0,0,0,17,0,0,1,1,0,836,2127,1722,233,480,146,344,46,69,30,329,996,1585,1014,75
0,0,0,0,0,2,0,1,0,0,0,0,0,0,0,0,0,17,0,0,2,6,3,140,103,120,53,65,2,1,0,0
0,0,0,0,0,0,0,4,0,99,25,0,0,0,0,0,0,0,0,1,16,3,0,0,77,13,0,0,0,0,0,0
