2,1,0,1,0,0,0,0,0,0,1,0,0,0,0,0,0,0,0,0,0,0,0,0,0,0,0,0,0,0,3,1
0,5,15,10,0,0,2,0,1,0,0,1,4,14,0,0,0,0,0,0,0,0,0,0,0,0,0,0,0,2,141,2
0,0,0,14,8,13,107,13,10,24,9,0,0,0,7,5,7,32,3,6,1,0,19,0,0,0,0,0,0,0,131,113
5,0,0,0,0,0,0,0,0,239,871,0,0,0,0,1,1,1,9,219,128,467,1945,1,9,214,10,9,93,22,35,0
0,0,0,0,0,0,0,0,0,0,1161,259,50,2,0,0,0,0,0,0,0,0,0,0,0,0,0,0,0,0,0,0
0,0,0,0,0,0,0,0,0,1412,126,0,19,22,0,0,0,0,0,0,0,0,0,0,0,0,0,0,0,0,90,0
0,0,0,0,0,0,0,0,0,4751,586,0,0,0,0,0,0,0,0,0,0,0,81,0,0,0,0,0,0,0,158,33
348,0,0,0,0,0,0,0,0,2257,54,0,0,0,0,0,0,0,0,20,64,0,0,0,0,0,0,0,5,48,1531,1197
0,0,0,0,0,0,0,0,0,684,586,0,0,0,0,0,0,0,0,0,0,0,0,0,0,0,0,0,2009,3554,0,3654
0,0,0,0,0,0,0,0,4,650,843,199,0,0,0,0,0,294,161,0,0,0,0,0,0,0,790,11,1882,1277,0,1927
36,0,0,0,0,0,0,0,0,178,879,1118,0,0,0,0,0,210,1421,0,0,0,0,0,0,0,1519,63,204,693,12,0
2,0,1,7,20,0,2,0,3,50,1456,4019,666,0,0,0,0,261,954,333,624,0,0,0,0,0,171,27,185,808,75,2
152,24,34,226,0,0,0,0,0,110,947,952,916,0,0,0,0,154,572,954,1967,71,0,0,0,0,254,30,245,358,721,185
104,9,300,407,0,0,0,0,0,1606,1736,1258,651,0,0,4,0,249,466,621,1315,5,0,0,3,0,63,350,573,0,96,81
30,29,6,8,0,0,0,0,25,1035,579,288,816,0,0,0,0,204,196,590,14,1,0,0,0,1257,1065,326,299,271,291,17
8,0,1,0,0,0,0,7,524,566,670,1391,504,2,0,0,74,355,1236,561,57,0,17,0,75,692,789,649,401,322,25,35
0,9,74,0,0,0,0,50,151,1334,190,1173,0,1,0,0,254,511,290,367,38,0,242,0,506,1065,382,563,8,15,3,81
0,12,0,0,0,0,0,2,1029,3013,982,349,0,0,569,909,921,311,1002,199,60,0,442,413,1392,304,751,883,18,79,139,209
0,0,0,0,0,0,7,82,929,1203,758,0,0,1,1557,636,400,406,193,467,358,0,1343,643,2102,4886,4130,1658,47,0,62,53
4,0,86,0,0,0,131,852,1214,1058,1758,0,0,12,309,812,116,21,30,286,40,19,2306,731,2652,5968,2182,0,37,0,1,0
0,279,65,0,0,0,762,473,3550,2566,0,0,0,0,42,0,2,4,25,74,477,353,2410,4047,1491,2264,3884,1117,57,7,0,0
93,0,0,0,0,132,362,8463,26739,812,0,0,0,0,172,206,10,12,112,89,605,270,1409,2147,893,1614,3263,3841,735,0,0,0
0,0,0,0,0,6157,9723,37808,60312,12866,43,0,0,0,64,610,256,112,441,1115,191,30,748,281,248,1041,4745,38021,20152,0,0,0
0,0,0,0,668,16484,16076,19414,20008,21220,0,0,0,58,0,4813,1008,1930,2672,2115,845,260,863,84,91,357,1088,2957,18146,0,0,0
0,0,0,0,701,5451,3920,47137,55192,53278,14606,1,0,0,0,9562,33978,7350,4099,5616,739,63,1040,241,32,16,256,1430,7730,323,0,0
102,0,0,0,10095,15429,20754,71805,35830,47298,97986,82743,0,0,0,31450,75482,41884,11325,8641,1158,443,251,1348,198,401,381,823,2244,297,10,19
117,1674,1021,204,21209,27303,17394,21554,1825,7088,201407,3588,0,0,0,18407,71325,26180,14244,15205,6340,5056,3102,3423,1225,720,347,298,2015,115,431,37
12,1757,5557,9487,13549,33341,2886,20509,173,1699,17008,1422,396,0,0,4918,43318,37067,19675,6605,3787,4249,5919,529,214,125,278,808,592,469,555,86
1033,2850,1019,2271,1161,5425,2581,1423,630,4203,1233,2654,416,280,1954,0,6215,13569,18442,12140,2843,2985,1554,543,292,191,575,427,330,297,203,499
384,154,240,341,1661,346,19854,2023,435,432,97,1066,0,33,9,4,0,5737,9966,2902,2914,581,984,3950,859,411,151,848,687,2051,3327,116
0,0,0,0,74,110,243,356,191,107,153,77,0,4,50,0,0,10,1,0,74,75,85,325,481,610,288,282,114,47,2,0
0,0,0,0,0,0,26,65,55,820,316,7,14,15,28,0,1,31,18,1,200,130,17,0,660,96,0,0,0,0,0,0
