8,0,3,0,0,0,0,0,1,0,1,1,1,1,0,0,0,0,0,0,0,0,0,0,1,0,0,0,0,1,2,2
0,7,14,30,0,0,5,0,0,0,0,1,9,14,0,0,0,0,0,0,0,0,0,0,0,0,0,0,0,0,155,3
0,0,0,6,7,6,104,7,4,40,12,0,0,0,4,1,3,26,3,47,0,0,53,0,0,0,0,0,0,0,105,96
15,0,0,0,0,0,0,0,0,230,1062,0,0,0,0,0,0,0,4,170,92,519,1940,0,8,214,8,12,86,11,31,0
0,0,0,0,0,0,0,0,0,0,952,257,39,1,0,0,0,0,0,0,0,0,0,0,0,0,0,0,0,0,0,0
0,0,0,0,0,0,0,0,0,1620,162,0,41,10,0,0,0,0,0,0,0,0,0,0,0,0,0,0,0,0,78,0
0,0,0,0,0,0,0,0,0,4329,562,0,0,0,0,0,0,0,0,0,0,0,119,0,0,0,0,0,0,0,136,73
357,0,0,0,0,0,0,0,0,2251,78,0,0,0,0,0,0,0,0,28,34,0,0,0,0,0,0,0,14,58,1573,1152
0,0,0,0,0,0,0,0,0,767,540,0,0,0,0,2,0,0,0,0,0,0,0,0,0,0,0,0,1905,3377,0,3569
0,0,0,0,0,0,0,0,2,602,856,201,0,0,3,0,0,368,177,0,0,0,0,0,0,0,956,33,1737,1150,0,1951
12,0,0,1,0,0,0,0,0,137,941,1124,0,0,0,0,0,244,1474,0,0,0,0,0,0,0,1411,80,192,892,18,0
2,0,2,7,22,0,3,0,1,62,1337,3908,614,0,0,0,0,246,838,364,579,0,0,0,0,0,237,30,134,667,187,1
137,23,27,250,0,0,0,0,0,126,873,925,961,4,0,0,0,149,529,878,1966,53,0,0,0,0,180,23,231,355,601,185
112,9,326,332,0,0,0,0,0,1460,1468,1158,604,0,0,2,0,229,401,601,1290,5,0,0,21,0,57,362,520,0,87,71
30,39,8,23,0,0,0,0,28,892,580,294,778,0,0,0,0,194,147,546,13,0,6,0,0,1259,1044,283,260,352,341,29
10,0,0,0,0,0,0,8,632,538,598,1231,536,2,0,0,88,329,1117,513,21,0,10,0,123,597,723,637,409,264,18,44
0,10,63,0,0,0,0,63,146,1475,178,1120,0,4,0,0,262,487,244,333,50,0,224,0,523,901,310,527,5,14,0,48
0,11,0,0,0,0,0,0,1023,2869,959,287,0,0,574,942,897,306,857,206,26,0,397,432,1300,254,728,920,31,91,119,208
0,0,0,0,0,0,0,84,886,1041,799,0,0,0,1577,648,360,360,109,453,321,0,1441,533,2077,5051,4103,1580,27,0,77,60
2,0,83,0,0,0,111,877,1015,1094,1564,0,0,15,317,636,79,13,16,275,41,19,2161,800,2759,5805,1699,0,11,0,1,0
0,269,66,0,0,0,764,427,3753,2400,0,0,0,0,39,0,1,7,21,94,516,362,2416,4165,1351,2119,3814,1106,82,12,0,0
101,0,0,0,0,127,338,8355,26326,780,0,0,0,0,143,237,5,14,96,93,527,254,1330,2009,898,1613,3397,3897,746,0,0,0
0,0,0,0,0,6115,9453,37542,58460,12211,33,0,0,0,80,619,255,84,371,1171,190,25,773,185,327,1081,4070,37667,20110,0,0,0
0,0,0,0,628,16287,15825,18865,19154,20425,0,0,0,45,0,4319,953,1939,2442,2049,725,257,918,75,131,316,998,2879,18414,0,0,0
0,0,0,0,619,5597,3904,46432,54186,53566,14681,0,0,0,0,9633,32823,6980,3906,5697,672,59,924,238,34,16,246,1428,7803,314,0,0
85,0,0,0,9778,14809,19795,71718,34291,47329,97137,83151,0,0,0,30765,72488,40225,10801,7927,1198,379,259,1309,192,335,396,869,2255,304,7,24
129,1550,922,143,20596,26926,17338,20198,1710,7146,202495,3777,0,0,0,17633,71581,25875,13774,14594,6337,4857,2807,3571,1208,731,362,253,1960,132,409,44
7,1673,5598,9385,13063,30989,2840,22296,163,1588,17426,1316,387,0,0,4843,39859,35340,19490,6796,3518,4408,5810,477,218,202,229,708,535,451,455,51
976,2565,1042,2124,958,6032,2317,1099,557,4107,1099,2502,357,257,2089,0,6372,13026,18379,12210,2481,3342,1552,648,318,190,471,416,209,351,203,536
399,176,234,286,1655,320,19879,2073,486,411,84,1020,0,14,15,3,0,5641,9935,3060,2914,576,1039,3893,769,398,118,717,727,2052,3032,134
0,0,0,0,75,125,267,375,162,93,157,88,0,1,45,0,0,10,0,0,56,73,98,388,496,616,323,293,121,54,1,0
0,0,0,0,0,6,9,90,20,868,276,8,11,16,11,0,0,69,10,1,227,132,19,1,586,145,0,0,0,0,0,0
