lakes_2,0.01,0.01,0.767019447385
lakes_2,0.01,0.02,0.757676675302
lakes_2,0.01,0.03,0.756500927026
lakes_2,0.01,0.04,0.756180410148
lakes_2,0.01,0.05,0.707777539862
lakes_2,0.01,0.06,0.68793033572
lakes_2,0.01,0.07,0.686316517741
lakes_2,0.01,0.08,0.680206176611
lakes_2,0.01,0.09,0.675899533594
lakes_2,0.01,0.1,0.676375988673
lakes_2,0.02,0.01,0.79514186216
lakes_2,0.02,0.02,0.792176502334
lakes_2,0.02,0.03,0.813030206365
lakes_2,0.02,0.04,0.804356060477
lakes_2,0.02,0.05,0.739949614942
lakes_2,0.02,0.06,0.750234258062
lakes_2,0.02,0.07,0.755737615395
lakes_2,0.02,0.08,0.747122386255
lakes_2,0.02,0.09,0.743157237025
lakes_2,0.02,0.1,0.754783952785
lakes_2,0.03,0.01,0.807808545538
lakes_2,0.03,0.02,0.811404858311
lakes_2,0.03,0.03,0.80639636825
lakes_2,0.03,0.04,0.811438995658
lakes_2,0.03,0.05,0.764361955673
lakes_2,0.03,0.06,0.747213609748
lakes_2,0.03,0.07,0.767649579554
lakes_2,0.03,0.08,0.766712538493
lakes_2,0.03,0.09,0.767994286998
lakes_2,0.03,0.1,0.781507444213
lakes_2,0.04,0.01,0.840126623022
lakes_2,0.04,0.02,0.813574779561
lakes_2,0.04,0.03,0.842598717327
lakes_2,0.04,0.04,0.830860071978
lakes_2,0.04,0.05,0.790962072579
lakes_2,0.04,0.06,0.762675655966
lakes_2,0.04,0.07,0.777442146199
lakes_2,0.04,0.08,0.787628611017
lakes_2,0.04,0.09,0.771776723022
lakes_2,0.04,0.1,0.776369162682
lakes_2,0.05,0.01,0.836711161544
lakes_2,0.05,0.02,0.849639979708
lakes_2,0.05,0.03,0.853561116004
lakes_2,0.05,0.04,0.869160450954
lakes_2,0.05,0.05,0.811725928753
lakes_2,0.05,0.06,0.816049201042
lakes_2,0.05,0.07,0.834900939884
lakes_2,0.05,0.08,0.843200114251
lakes_2,0.05,0.09,0.832855879375
lakes_2,0.05,0.1,0.838998107089
lakes_2,0.06,0.01,0.841436628002
lakes_2,0.06,0.02,0.860332874146
lakes_2,0.06,0.03,0.857753589365
lakes_2,0.06,0.04,0.844653538137
lakes_2,0.06,0.05,0.819135810189
lakes_2,0.06,0.06,0.782580862984
lakes_2,0.06,0.07,0.817370222158
lakes_2,0.06,0.08,0.813603707161
lakes_2,0.06,0.09,0.819181025614
lakes_2,0.06,0.1,0.827292071926
lakes_2,0.07,0.01,0.83760700058
lakes_2,0.07,0.02,0.839559918409
lakes_2,0.07,0.03,0.848770062382
lakes_2,0.07,0.04,0.854187637325
lakes_2,0.07,0.05,0.820824280119
lakes_2,0.07,0.06,0.813234005428
lakes_2,0.07,0.07,0.820802730133
lakes_2,0.07,0.08,0.82591359953
lakes_2,0.07,0.09,0.835291431024
lakes_2,0.07,0.1,0.830606677045
lakes_2,0.08,0.01,0.850623561905
lakes_2,0.08,0.02,0.859192569957
lakes_2,0.08,0.03,0.86407793191
lakes_2,0.08,0.04,0.848045305909
lakes_2,0.08,0.05,0.823453177661
lakes_2,0.08,0.06,0.815351308115
lakes_2,0.08,0.07,0.837794573544
lakes_2,0.08,0.08,0.844012136565
lakes_2,0.08,0.09,0.845177565445
lakes_2,0.08,0.1,0.852985044383
lakes_2,0.09,0.01,0.853201404551
lakes_2,0.09,0.02,0.867068787475
lakes_2,0.09,0.03,0.873788086519
lakes_2,0.09,0.04,0.871027974159
lakes_2,0.09,0.05,0.841270197854
lakes_2,0.09,0.06,0.816639044501
lakes_2,0.09,0.07,0.838128527127
lakes_2,0.09,0.08,0.8460115709
lakes_2,0.09,0.09,0.851652336134
lakes_2,0.09,0.1,0.865048430245
lakes_2,0.1,0.01,0.857872020962
lakes_2,0.1,0.02,0.882175738235
lakes_2,0.1,0.03,0.880634335065
lakes_2,0.1,0.04,0.872990023059
lakes_2,0.1,0.05,0.847767672211
lakes_2,0.1,0.06,0.809330588394
lakes_2,0.1,0.07,0.841255607511
lakes_2,0.1,0.08,0.846973199009
lakes_2,0.1,0.09,0.84875218599
lakes_2,0.1,0.1,0.856652623335
lakes_2,0.11,0.01,0.868306232803
lakes_2,0.11,0.02,0.891960119182
lakes_2,0.11,0.03,0.885593620153
lakes_2,0.11,0.04,0.871790824825
lakes_2,0.11,0.05,0.843557037655
lakes_2,0.11,0.06,0.819890380992
lakes_2,0.11,0.07,0.841653642116
lakes_2,0.11,0.08,0.858145183967
lakes_2,0.11,0.09,0.856897509652
lakes_2,0.11,0.1,0.873416047317
lakes_2,0.12,0.01,0.874217111316
lakes_2,0.12,0.02,0.897719700263
lakes_2,0.12,0.03,0.888806561155
lakes_2,0.12,0.04,0.890333969317
lakes_2,0.12,0.05,0.853720496722
lakes_2,0.12,0.06,0.840156363434
lakes_2,0.12,0.07,0.854976324009
lakes_2,0.12,0.08,0.855947563858
lakes_2,0.12,0.09,0.863485220317
lakes_2,0.12,0.1,0.873436589118
lakes_2,0.13,0.01,0.859205050518
lakes_2,0.13,0.02,0.899018647299
lakes_2,0.13,0.03,0.888335735676
lakes_2,0.13,0.04,0.87462280798
lakes_2,0.13,0.05,0.84333627428
lakes_2,0.13,0.06,0.834187511935
lakes_2,0.13,0.07,0.850826620983
lakes_2,0.13,0.08,0.851248897792
lakes_2,0.13,0.09,0.874038023609
lakes_2,0.13,0.1,0.877272171867
lakes_2,0.14,0.01,0.866052699017
lakes_2,0.14,0.02,0.897287348615
lakes_2,0.14,0.03,0.898117775754
lakes_2,0.14,0.04,0.888736871401
lakes_2,0.14,0.05,0.856058830926
lakes_2,0.14,0.06,0.840150055664
lakes_2,0.14,0.07,0.856552785128
lakes_2,0.14,0.08,0.853783436696
lakes_2,0.14,0.09,0.856726317273
lakes_2,0.14,0.1,0.876641384403
lakes_2,0.15,0.01,0.86403420019
lakes_2,0.15,0.02,0.888454080105
lakes_2,0.15,0.03,0.901478213192
lakes_2,0.15,0.04,0.892754044566
lakes_2,0.15,0.05,0.856405759266
lakes_2,0.15,0.06,0.843303240588
lakes_2,0.15,0.07,0.867031311022
lakes_2,0.15,0.08,0.865656051702
lakes_2,0.15,0.09,0.871597585348
lakes_2,0.15,0.1,0.89110174096
lakes_2,0.16,0.01,0.871946165977
lakes_2,0.16,0.02,0.900293499674
lakes_2,0.16,0.03,0.89595227796
lakes_2,0.16,0.04,0.892457405118
lakes_2,0.16,0.05,0.867017076691
lakes_2,0.16,0.06,0.84725345875
lakes_2,0.16,0.07,0.871293933572
lakes_2,0.16,0.08,0.869475629652
lakes_2,0.16,0.09,0.879879393397
lakes_2,0.16,0.1,0.887849181687
lakes_2,0.17,0.01,0.870252305078
lakes_2,0.17,0.02,0.902594447497
lakes_2,0.17,0.03,0.901079362419
lakes_2,0.17,0.04,0.891561186686
lakes_2,0.17,0.05,0.863539698578
lakes_2,0.17,0.06,0.849897588023
lakes_2,0.17,0.07,0.869415708707
lakes_2,0.17,0.08,0.882509291502
lakes_2,0.17,0.09,0.87263420788
lakes_2,0.17,0.1,0.883183620631
lakes_2,0.18,0.01,0.875451399841
lakes_2,0.18,0.02,0.910070186467
lakes_2,0.18,0.03,0.904079085482
lakes_2,0.18,0.04,0.884461153808
lakes_2,0.18,0.05,0.854517686921
lakes_2,0.18,0.06,0.850752185394
lakes_2,0.18,0.07,0.858118168148
lakes_2,0.18,0.08,0.869346088197
lakes_2,0.18,0.09,0.877965568371
lakes_2,0.18,0.1,0.884517482127
lakes_2,0.19,0.01,0.875652068482
lakes_2,0.19,0.02,0.905151747434
lakes_2,0.19,0.03,0.912686455705
lakes_2,0.19,0.04,0.900527244277
lakes_2,0.19,0.05,0.864048464118
lakes_2,0.19,0.06,0.855955564733
lakes_2,0.19,0.07,0.872428934742
lakes_2,0.19,0.08,0.87101407244
lakes_2,0.19,0.09,0.883662977764
lakes_2,0.19,0.1,0.898163880835
lakes_2,0.2,0.01,0.878745753933
lakes_2,0.2,0.02,0.905881514892
lakes_2,0.2,0.03,0.910513417826
lakes_2,0.2,0.04,0.891422306298
lakes_2,0.2,0.05,0.87178541943
lakes_2,0.2,0.06,0.860833655012
lakes_2,0.2,0.07,0.884117269996
lakes_2,0.2,0.08,0.888980774731
lakes_2,0.2,0.09,0.893514040159
lakes_2,0.2,0.1,0.909815887397
