lakes_3,0.01,0.01,0.782670033988
lakes_3,0.01,0.02,0.755907716772
lakes_3,0.01,0.03,0.751921898806
lakes_3,0.01,0.04,0.743994468454
lakes_3,0.01,0.05,0.712719160385
lakes_3,0.01,0.06,0.711112037876
lakes_3,0.01,0.07,0.725566001108
lakes_3,0.01,0.08,0.702934637718
lakes_3,0.01,0.09,0.727374640894
lakes_3,0.01,0.1,0.742117179026
lakes_3,0.02,0.01,0.811931731342
lakes_3,0.02,0.02,0.800892199141
lakes_3,0.02,0.03,0.779412666191
lakes_3,0.02,0.04,0.792406992465
lakes_3,0.02,0.05,0.758362048012
lakes_3,0.02,0.06,0.717939850818
lakes_3,0.02,0.07,0.755980734134
lakes_3,0.02,0.08,0.750167127495
lakes_3,0.02,0.09,0.771452985904
lakes_3,0.02,0.1,0.793544514994
lakes_3,0.03,0.01,0.822075683572
lakes_3,0.03,0.02,0.81471192312
lakes_3,0.03,0.03,0.792030746307
lakes_3,0.03,0.04,0.796434439729
lakes_3,0.03,0.05,0.786909824585
lakes_3,0.03,0.06,0.773953846631
lakes_3,0.03,0.07,0.796186190627
lakes_3,0.03,0.08,0.78531255881
lakes_3,0.03,0.09,0.780889235479
lakes_3,0.03,0.1,0.816034741202
lakes_3,0.04,0.01,0.827149187987
lakes_3,0.04,0.02,0.83657984305
lakes_3,0.04,0.03,0.827981663804
lakes_3,0.04,0.04,0.818444247891
lakes_3,0.04,0.05,0.801041019748
lakes_3,0.04,0.06,0.775740298208
lakes_3,0.04,0.07,0.780270874791
lakes_3,0.04,0.08,0.774319159594
lakes_3,0.04,0.09,0.790202741634
lakes_3,0.04,0.1,0.81264815468
lakes_3,0.05,0.01,0.843556342291
lakes_3,0.05,0.02,0.86169392497
lakes_3,0.05,0.03,0.827073483248
lakes_3,0.05,0.04,0.817701632183
lakes_3,0.05,0.05,0.814046379133
lakes_3,0.05,0.06,0.79923013323
lakes_3,0.05,0.07,0.809536435198
lakes_3,0.05,0.08,0.794121484854
lakes_3,0.05,0.09,0.820305450428
lakes_3,0.05,0.1,0.827436980688
lakes_3,0.06,0.01,0.846536085395
lakes_3,0.06,0.02,0.867249056981
lakes_3,0.06,0.03,0.856969051225
lakes_3,0.06,0.04,0.841063945512
lakes_3,0.06,0.05,0.827338491756
lakes_3,0.06,0.06,0.806311449642
lakes_3,0.06,0.07,0.819596857655
lakes_3,0.06,0.08,0.826160044832
lakes_3,0.06,0.09,0.840011012967
lakes_3,0.06,0.1,0.859105774702
lakes_3,0.07,0.01,0.8606280415
lakes_3,0.07,0.02,0.86504967501
lakes_3,0.07,0.03,0.856596518591
lakes_3,0.07,0.04,0.829668209217
lakes_3,0.07,0.05,0.808924565933
lakes_3,0.07,0.06,0.797110678656
lakes_3,0.07,0.07,0.820605183184
lakes_3,0.07,0.08,0.811495070751
lakes_3,0.07,0.09,0.82884048524
lakes_3,0.07,0.1,0.851298998566
lakes_3,0.08,0.01,0.854903916658
lakes_3,0.08,0.02,0.88753258862
lakes_3,0.08,0.03,0.879676404611
lakes_3,0.08,0.04,0.859619862115
lakes_3,0.08,0.05,0.844421860781
lakes_3,0.08,0.06,0.816074852966
lakes_3,0.08,0.07,0.827026554053
lakes_3,0.08,0.08,0.829763217502
lakes_3,0.08,0.09,0.834327142222
lakes_3,0.08,0.1,0.864750463949
lakes_3,0.09,0.01,0.86941431205
lakes_3,0.09,0.02,0.884822868769
lakes_3,0.09,0.03,0.863370435403
lakes_3,0.09,0.04,0.85239389877
lakes_3,0.09,0.05,0.84375093927
lakes_3,0.09,0.06,0.825851763116
lakes_3,0.09,0.07,0.838541993301
lakes_3,0.09,0.08,0.842226161885
lakes_3,0.09,0.09,0.860889997171
lakes_3,0.09,0.1,0.875860768584
lakes_3,0.1,0.01,0.862052322441
lakes_3,0.1,0.02,0.890309225472
lakes_3,0.1,0.03,0.872484390524
lakes_3,0.1,0.04,0.867514678304
lakes_3,0.1,0.05,0.852332666822
lakes_3,0.1,0.06,0.842541900366
lakes_3,0.1,0.07,0.855999956718
lakes_3,0.1,0.08,0.855176330326
lakes_3,0.1,0.09,0.851183890499
lakes_3,0.1,0.1,0.866326346191
lakes_3,0.11,0.01,0.886514181653
lakes_3,0.11,0.02,0.901100269512
lakes_3,0.11,0.03,0.890504117099
lakes_3,0.11,0.04,0.871204614833
lakes_3,0.11,0.05,0.857302476585
lakes_3,0.11,0.06,0.845184937533
lakes_3,0.11,0.07,0.851359938435
lakes_3,0.11,0.08,0.844641608828
lakes_3,0.11,0.09,0.862918472477
lakes_3,0.11,0.1,0.878477389632
lakes_3,0.12,0.01,0.871792935936
lakes_3,0.12,0.02,0.902031467399
lakes_3,0.12,0.03,0.877858251981
lakes_3,0.12,0.04,0.865128307879
lakes_3,0.12,0.05,0.842636761507
lakes_3,0.12,0.06,0.836566085666
lakes_3,0.12,0.07,0.857777769879
lakes_3,0.12,0.08,0.848631972844
lakes_3,0.12,0.09,0.866726055438
lakes_3,0.12,0.1,0.880092175204
lakes_3,0.13,0.01,0.875012742899
lakes_3,0.13,0.02,0.897092974862
lakes_3,0.13,0.03,0.893143999908
lakes_3,0.13,0.04,0.865473781378
lakes_3,0.13,0.05,0.854285881311
lakes_3,0.13,0.06,0.848733718355
lakes_3,0.13,0.07,0.862130520537
lakes_3,0.13,0.08,0.87210958587
lakes_3,0.13,0.09,0.881141555335
lakes_3,0.13,0.1,0.895531785521
lakes_3,0.14,0.01,0.885756460586
lakes_3,0.14,0.02,0.899664689324
lakes_3,0.14,0.03,0.897415138615
lakes_3,0.14,0.04,0.876718802837
lakes_3,0.14,0.05,0.865292919603
lakes_3,0.14,0.06,0.855850772382
lakes_3,0.14,0.07,0.864684423418
lakes_3,0.14,0.08,0.871355364647
lakes_3,0.14,0.09,0.896200832602
lakes_3,0.14,0.1,0.905252962963
lakes_3,0.15,0.01,0.877239060517
lakes_3,0.15,0.02,0.900820034927
lakes_3,0.15,0.03,0.890024139254
lakes_3,0.15,0.04,0.872554103785
lakes_3,0.15,0.05,0.873848002744
lakes_3,0.15,0.06,0.853009547276
lakes_3,0.15,0.07,0.867524713872
lakes_3,0.15,0.08,0.870162964621
lakes_3,0.15,0.09,0.890488639177
lakes_3,0.15,0.1,0.900823028398
lakes_3,0.16,0.01,0.893682765852
lakes_3,0.16,0.02,0.909957166419
lakes_3,0.16,0.03,0.890931155598
lakes_3,0.16,0.04,0.88367372559
lakes_3,0.16,0.05,0.871010680207
lakes_3,0.16,0.06,0.86209708289
lakes_3,0.16,0.07,0.882183642988
lakes_3,0.16,0.08,0.880256762835
lakes_3,0.16,0.09,0.898961367867
lakes_3,0.16,0.1,0.910033757533
lakes_3,0.17,0.01,0.889797395253
lakes_3,0.17,0.02,0.907318765866
lakes_3,0.17,0.03,0.903854441492
lakes_3,0.17,0.04,0.881719113983
lakes_3,0.17,0.05,0.86686744108
lakes_3,0.17,0.06,0.85995241209
lakes_3,0.17,0.07,0.876420412537
lakes_3,0.17,0.08,0.881107320082
lakes_3,0.17,0.09,0.889167535508
lakes_3,0.17,0.1,0.915186919832
lakes_3,0.18,0.01,0.890087393282
lakes_3,0.18,0.02,0.904872130394
lakes_3,0.18,0.03,0.901637569629
lakes_3,0.18,0.04,0.881823201384
lakes_3,0.18,0.05,0.883764538374
lakes_3,0.18,0.06,0.882535234131
lakes_3,0.18,0.07,0.891769353366
lakes_3,0.18,0.08,0.888310460093
lakes_3,0.18,0.09,0.896064818367
lakes_3,0.18,0.1,0.920293460142
lakes_3,0.19,0.01,0.903610945249
lakes_3,0.19,0.02,0.927544775889
lakes_3,0.19,0.03,0.907878472106
lakes_3,0.19,0.04,0.89835505
lakes_3,0.19,0.05,0.883884570165
lakes_3,0.19,0.06,0.871786583635
lakes_3,0.19,0.07,0.875623301163
lakes_3,0.19,0.08,0.887206940765
lakes_3,0.19,0.09,0.897530446152
lakes_3,0.19,0.1,0.898092647921
lakes_3,0.2,0.01,0.898236950275
lakes_3,0.2,0.02,0.901031502747
lakes_3,0.2,0.03,0.886563882344
lakes_3,0.2,0.04,0.874867222468
lakes_3,0.2,0.05,0.870743001819
lakes_3,0.2,0.06,0.877139601546
lakes_3,0.2,0.07,0.890470311776
lakes_3,0.2,0.08,0.884214649497
lakes_3,0.2,0.09,0.883195587797
lakes_3,0.2,0.1,0.905274738745
