5,12,5,1,2,6,3,1,0,0,0,0,0,0,0,0,0,0,0,0,0,0,1,0,0,0,0,0,0,0,0,0,0,0,0,0,0,0,0,0,0,0,0,0,0,0,0,0,0,0,0,0,0,0,0,0,0,0,0,0,0,2,0,0
0,0,0,0,0,0,0,0,0,0,0,0,0,0,0,0,0,0,0,0,0,0,1,0,0,0,0,0,0,0,0,0,0,0,0,0,0,0,0,0,0,0,0,0,0,0,0,0,0,0,0,0,0,0,0,0,0,0,0,0,3,5,0,0
0,0,0,0,0,0,0,0,0,0,0,0,0,0,0,0,0,0,0,0,0,0,0,0,0,0,1,0,0,0,0,0,0,0,0,0,0,0,0,0,0,0,0,0,0,0,0,0,0,0,0,0,0,0,0,0,0,0,0,17,12,17,0,0
0,0,0,0,0,0,20,0,0,0,0,0,0,0,0,0,0,0,0,0,0,0,0,0,0,0,0,0,0,0,0,0,0,0,0,0,0,0,0,0,0,0,0,0,0,0,0,0,0,0,0,0,0,0,0,0,0,0,0,0,40,16,0,0
0,0,0,0,0,0,0,2,0,0,0,0,3,0,0,0,0,0,0,0,0,0,0,0,0,0,0,0,0,0,0,0,0,0,0,0,0,0,0,0,0,0,0,0,0,0,0,0,0,0,0,0,0,0,0,0,0,0,0,0,15,3,0,0
0,0,0,0,0,0,0,0,0,0,0,0,0,0,0,0,0,0,0,0,0,0,0,0,0,0,0,0,0,0,0,0,0,0,6,0,5,0,0,0,0,0,0,0,25,0,0,0,0,0,0,0,0,0,0,0,0,0,0,0,4,0,3,0
0,0,0,0,0,0,0,0,0,0,0,0,0,0,0,0,0,0,0,0,0,0,0,0,0,0,0,0,0,0,0,0,0,0,0,0,0,0,0,3,0,0,0,0,6,45,0,0,0,0,0,0,0,0,0,0,0,0,0,0,1,0,0,0
0,0,0,0,0,0,0,0,0,0,0,0,0,0,0,0,0,0,0,0,0,0,0,0,0,0,0,0,0,0,0,0,0,0,0,0,0,0,0,0,0,0,3,0,0,0,0,0,0,3,0,0,0,2,0,0,0,0,0,0,0,0,0,0
0,0,0,0,0,0,0,0,0,0,0,0,0,0,0,0,0,0,0,0,0,17,0,0,0,0,0,0,0,0,0,0,0,0,0,0,0,0,0,0,0,0,0,0,0,0,0,0,0,0,0,0,0,0,0,0,0,0,0,0,0,0,0,0
0,0,0,0,0,0,0,0,0,0,0,0,0,0,0,0,0,0,0,0,0,0,0,3,0,0,0,0,0,0,0,0,0,0,0,0,0,0,0,0,0,0,0,0,0,0,0,0,0,0,0,0,0,0,0,0,0,0,0,0,0,0,0,0
0,0,0,0,0,0,0,0,0,0,0,0,0,0,0,0,0,0,0,0,0,0,0,0,0,0,0,0,0,0,0,0,0,0,0,0,0,0,0,0,0,0,0,0,0,0,0,0,0,0,0,0,0,0,0,0,0,0,0,0,0,0,0,0
0,0,0,0,0,0,0,0,0,0,0,0,0,0,0,0,0,0,0,4,12,0,0,0,0,0,0,0,0,0,0,0,0,0,0,0,0,0,0,0,0,0,0,0,0,0,0,0,0,0,0,0,0,0,0,0,0,0,0,0,11,0,0,0
0,0,0,0,0,0,0,0,0,0,0,0,0,0,0,0,0,0,1,10,0,9,0,0,0,0,0,0,0,0,0,0,0,0,0,0,0,0,0,0,0,0,0,0,0,2,0,0,0,0,0,0,0,0,0,0,0,0,0,0,0,0,0,0
0,0,0,0,0,0,0,0,0,0,0,0,0,0,0,0,0,0,4,25,0,2,0,0,0,0,0,0,0,0,0,0,0,0,0,0,0,0,0,0,0,0,0,0,0,0,0,0,0,0,0,0,0,0,0,0,0,0,0,0,0,10,0,1
0,0,0,0,0,0,0,0,0,0,0,0,0,0,0,0,0,0,13,10,0,0,0,0,0,0,0,0,0,0,0,0,0,0,0,0,0,0,0,0,0,0,0,0,0,0,0,0,0,0,0,0,0,0,0,0,0,0,0,0,0,15,3,0
16,0,0,0,0,0,0,0,0,0,0,0,0,0,0,0,0,0,3,9,1,0,0,0,0,0,0,0,0,0,0,0,0,0,0,0,0,0,0,0,0,0,0,0,0,0,0,0,0,0,0,0,0,0,0,0,0,0,0,0,0,111,133,0
17,0,0,0,0,0,0,0,0,0,0,0,0,0,0,0,0,0,5,34,3,0,0,0,0,0,0,0,0,0,0,0,0,0,0,0,0,0,0,0,0,0,0,0,0,0,0,0,0,0,0,0,0,0,0,0,0,261,988,0,0,0,115,16
0,0,0,0,0,0,0,0,0,0,0,0,0,0,0,0,0,0,14,52,62,4,0,0,0,0,0,0,0,0,0,0,0,0,0,0,0,0,0,0,0,0,0,0,0,0,0,0,0,0,0,0,0,0,0,0,0,6,10,0,0,0,14,165
0,0,0,0,0,0,0,0,0,0,0,0,0,0,0,0,0,0,0,22,14,19,0,0,0,0,0,0,0,0,0,0,0,0,0,0,0,0,0,0,0,0,0,0,0,0,0,0,0,0,0,0,0,0,0,0,12,153,50,0,0,0,8,95
0,0,0,0,0,0,0,0,0,0,0,0,0,0,0,0,0,0,0,25,6,312,77,0,0,0,0,0,0,0,0,0,0,0,0,53,12,0,0,0,0,0,0,0,0,0,0,0,0,0,0,0,24,0,0,0,139,27,184,0,0,0,92,0
0,0,0,0,0,0,0,0,0,0,0,0,0,0,0,0,0,0,0,6,14,87,30,0,0,0,0,0,0,0,0,0,0,0,0,30,9,5,0,0,0,0,0,0,0,0,0,0,0,0,0,0,68,9,0,7,9,4,45,30,0,0,0,0
0,0,0,0,0,0,0,0,0,0,0,0,0,0,0,0,0,0,0,0,11,32,161,36,0,0,0,0,0,0,0,0,0,0,3,13,17,55,0,0,0,0,0,0,0,0,0,0,0,0,0,0,11,3,1,2,2,0,16,59,0,0,0,0
0,0,0,0,0,0,0,0,0,0,0,0,0,0,0,0,0,0,0,0,18,38,200,74,0,0,0,0,0,0,0,0,0,0,0,0,6,38,0,0,1,0,0,0,0,0,0,0,0,0,0,0,4,9,0,0,14,1,13,144,0,0,0,0
0,0,0,0,0,0,0,0,0,0,0,0,0,0,0,0,0,0,0,4,11,39,44,234,37,0,0,0,0,0,0,0,0,0,0,2,12,44,45,8,9,0,0,0,0,0,0,0,0,0,0,0,2,2,0,2,0,0,18,22,0,0,0,0
30,0,0,0,0,0,0,0,0,0,0,0,0,0,0,0,0,0,0,0,8,23,35,119,90,0,0,0,0,0,0,0,0,0,5,2,8,24,36,10,104,35,0,0,0,0,0,0,0,0,0,0,10,3,2,0,3,0,21,0,0,38,0,0
0,0,0,0,0,0,0,0,0,0,0,0,0,0,0,0,0,0,0,6,17,36,12,16,64,5,0,0,0,0,0,0,0,0,3,7,14,7,55,10,28,0,0,0,0,0,0,0,0,0,0,0,0,1,0,1,2,29,27,0,0,0,0,4
2,0,0,0,0,2,0,0,0,0,0,0,0,0,0,0,0,0,1,30,69,25,13,33,7,17,0,0,0,0,0,0,0,0,12,2,7,14,27,4,57,0,0,0,0,0,0,0,0,0,0,0,0,3,1,8,3,30,0,0,0,2,0,9
0,4,0,0,0,0,0,0,0,0,0,0,0,0,0,0,0,0,40,122,39,18,23,27,5,19,0,0,0,0,0,0,0,0,13,8,9,3,3,5,23,0,0,0,0,0,0,0,0,0,0,0,0,0,2,10,1,6,0,0,0,0,0,0
0,0,0,0,0,0,0,0,0,0,0,0,0,0,0,0,0,0,51,22,42,8,15,8,2,25,0,0,0,0,0,0,0,0,14,13,15,15,5,22,14,0,0,0,0,0,0,0,0,0,0,0,0,1,0,1,0,0,4,0,0,1,0,0
0,0,0,0,0,0,0,2,0,0,0,0,0,0,0,0,0,0,45,13,36,8,22,31,2,68,0,0,0,0,0,0,0,0,8,12,16,11,8,0,0,0,0,0,0,0,0,0,0,0,0,24,35,6,107,0,6,11,3,7,0,0,0,2
0,0,0,0,0,0,0,0,0,0,0,0,0,0,0,0,0,9,60,10,19,47,71,7,22,82,0,0,0,0,0,0,0,0,31,18,17,7,12,0,0,0,0,0,0,0,0,0,0,0,16,12,0,15,0,2,127,19,6,0,0,0,0,0
0,0,0,0,0,0,0,0,0,0,0,0,0,0,0,0,0,47,40,75,52,62,52,77,127,6,0,0,0,0,0,0,0,21,20,51,46,62,8,15,0,0,0,0,0,0,0,0,0,11,45,6,18,8,6,2,19,8,0,0,0,0,0,2
0,0,0,0,0,0,0,0,0,0,0,0,0,0,0,1,0,20,39,53,21,14,36,67,0,0,1,0,0,0,0,0,0,68,28,62,31,52,27,13,0,0,0,0,0,0,0,0,0,17,6,12,20,11,4,0,0,0,0,0,0,0,7,0
0,0,0,0,50,0,0,0,0,0,0,0,0,0,0,0,0,19,52,14,78,23,10,6,0,0,0,0,0,0,0,0,0,20,27,31,32,27,2,1,1,0,0,0,0,2,0,0,0,32,94,13,17,0,3,0,0,0,0,0,0,0,0,0
0,0,0,0,0,0,0,0,0,0,0,0,0,0,0,0,0,0,65,61,24,55,31,0,0,0,0,0,0,0,62,53,27,119,43,80,32,22,5,2,0,0,0,0,0,0,2,0,0,74,40,0,19,9,0,0,0,0,0,0,2,0,0,0
0,0,0,0,0,0,0,0,0,0,0,0,0,0,0,0,0,105,93,56,43,36,0,0,0,0,0,0,0,393,118,9,40,34,51,25,1,30,15,1,0,0,0,0,0,7,22,0,0,172,5,0,5,2,33,8,0,0,0,0,26,0,0,0
0,0,0,0,0,0,0,0,0,0,0,0,0,0,0,0,11,30,143,37,32,16,0,0,0,0,0,0,0,226,20,22,34,23,14,4,0,9,33,2,0,0,0,0,0,50,5,0,0,20,111,78,0,88,74,0,14,0,0,0,0,0,0,0
0,0,0,0,0,0,0,0,0,0,0,0,0,0,0,36,170,18,0,31,0,13,0,0,0,0,0,0,6,288,45,29,35,16,55,2,0,4,10,2,0,0,0,0,0,565,78,0,0,42,25,34,0,62,29,0,0,0,0,0,0,0,0,0
0,0,0,0,0,0,0,0,0,0,0,0,0,0,34,37,38,22,0,0,0,65,0,0,0,0,0,0,10,26,0,153,14,0,0,0,0,11,1,0,0,0,0,0,0,496,124,0,23,39,127,61,0,268,0,0,0,0,0,0,0,0,0,0
0,0,0,0,0,0,0,0,0,0,0,0,0,29,43,81,14,1,12,159,42,2,0,0,0,0,0,0,0,4,0,5,2,0,0,0,0,20,5,0,0,0,1,0,12,596,250,2,52,99,94,33,0,18,0,0,0,0,0,0,0,0,0,0
0,0,0,27,2,0,0,0,0,0,0,0,0,42,80,0,16,32,52,22,0,0,0,0,0,0,0,0,0,4,0,0,0,0,0,0,0,19,1,0,0,0,0,0,114,403,385,95,57,26,58,120,16,0,0,0,0,0,0,0,0,0,0,0
0,0,0,0,0,0,0,0,0,0,0,0,6,13,22,0,0,74,22,0,0,0,0,0,0,0,0,0,0,3,0,0,0,0,0,0,0,6,0,0,1,69,2,0,150,324,118,253,82,37,36,104,324,104,0,0,0,0,0,0,0,0,0,0
0,0,0,0,0,0,0,0,0,0,0,2,11,2,95,0,0,1001,8,0,0,0,0,0,0,0,0,0,0,1,0,0,2,0,0,0,0,33,3,0,1,41,4,19,48,170,107,193,26,29,31,30,72,72,2,0,0,0,0,0,0,0,0,0
0,0,0,0,0,0,0,0,0,0,0,0,4,3,445,1295,1902,1619,0,0,0,0,0,0,0,0,0,0,0,15,4,0,0,0,0,10,3,59,4,0,2,8,0,2,48,68,32,13,15,6,44,56,111,103,0,0,0,0,0,0,0,0,0,0
0,0,0,0,0,0,0,0,0,0,0,24,39,23,259,467,724,639,0,0,2,0,0,0,0,0,0,0,0,0,8,4,0,4,0,8,0,28,8,12,51,9,0,2,29,42,15,16,3,4,45,83,152,153,0,8,0,0,0,0,0,0,0,0
0,0,0,0,0,0,0,0,0,0,118,256,262,22,221,235,156,1373,1848,0,0,0,0,0,0,0,0,0,0,0,6,20,5,13,6,0,0,2,20,56,15,0,0,2,26,56,18,5,14,11,2,41,47,56,16,105,114,0,0,0,0,0,0,0
0,0,0,0,0,0,0,0,0,0,688,77,139,237,57,36,157,392,1480,0,0,0,0,0,0,0,0,0,0,0,73,40,2,20,43,10,24,58,58,49,4,6,19,42,12,4,7,10,5,8,33,8,31,26,82,0,164,18,0,0,0,0,0,0
0,0,0,0,0,0,0,0,0,64,589,2,136,281,60,114,225,288,624,0,0,0,0,0,0,0,0,0,0,0,132,163,13,20,32,63,47,92,57,72,41,2,0,19,66,8,1,1,3,7,4,6,115,30,95,0,13,18,0,0,0,0,0,0
0,0,0,0,0,0,0,0,0,62,921,62,207,83,79,370,534,1095,545,1136,15,0,0,0,0,0,0,0,0,0,210,218,453,36,161,74,95,16,24,109,39,1,10,1,118,37,6,6,0,0,0,0,6,36,22,56,3,17,0,0,0,0,0,0
0,0,0,0,0,0,0,0,0,15,133,109,153,82,590,1754,1611,3260,5077,1058,4010,666,0,0,0,0,0,0,0,0,22,226,875,764,748,228,151,58,239,668,26,0,0,27,8,19,17,9,0,1,0,2,0,30,80,135,4,45,36,0,0,0,0,0
0,0,0,0,0,0,0,0,0,46,382,344,103,33,1598,4598,6288,25900,10497,5585,1683,5865,6397,0,0,0,0,0,0,0,0,740,1586,1816,1198,1009,134,177,646,152,73,9,2,1,1,3,6,16,6,5,4,4,21,2,17,52,26,9,0,3,0,0,0,0
0,0,0,0,0,0,0,0,0,779,773,243,643,95,3114,2340,3817,1142,3632,3271,2935,5141,2994,0,0,0,0,0,0,0,0,1173,1507,1910,1769,525,498,456,329,154,41,2,8,1,35,20,33,44,7,24,39,13,19,30,22,26,569,18,0,18,0,0,0,0
5,0,0,0,0,0,0,0,366,321,936,602,726,2047,1206,248,9,14,253,5514,11166,6225,1409,0,0,0,0,0,0,0,1641,1999,5013,4582,1388,544,423,164,430,202,901,122,32,41,48,35,99,104,123,49,183,43,27,22,28,5,522,155,0,58,59,0,0,0
0,0,0,14,0,0,0,0,164,975,1165,273,1603,1297,4769,517,15,0,73,426,7710,5722,0,0,0,0,0,0,0,0,537,701,0,1605,909,343,1464,632,1605,1248,1121,178,427,629,78,210,272,89,156,62,14,22,40,8,6,17,35,2,0,26,84,14,0,0
0,0,0,115,197,2,0,11,165,187,801,90,35,254,701,1443,0,0,52,29,2564,412,0,0,0,0,0,0,0,0,276,649,4,874,1531,288,1244,812,832,210,506,202,577,761,102,32,24,28,63,59,9,31,8,3,7,18,7,35,2,16,67,10,0,0
0,0,29,46,22,194,42,1041,897,928,1516,3591,674,99,181,118,0,0,26,6,1288,0,0,2,2,0,0,0,0,0,0,50,134,5423,1868,302,1032,4190,2487,161,83,150,131,426,1132,664,39,14,17,4,4,2,9,21,11,19,28,200,24,11,7,59,50,2
0,2,22,26,0,205,112,345,128,38,776,2233,957,2,18,18,0,0,3,57,0,0,0,10,0,0,0,0,43,0,0,0,4,731,440,558,650,1844,1359,590,57,73,75,283,62,1474,8,9,4,7,2,7,13,27,26,67,25,17,9,28,43,18,8,80
145,99,11,44,12,22,16,85,0,2,4,6,202,0,23,8,92,0,0,0,1,0,166,35,1,0,0,7,64,21,0,0,0,1,613,545,477,1550,641,265,46,108,530,76,42,44,12,21,25,6,4,3,4,26,10,20,2,20,198,23,6,12,39,113
81,0,2,22,0,8,0,27,377,1,0,1,13,1254,18,34,0,0,0,0,0,0,8,0,0,0,0,0,1,0,0,1,0,0,43,770,204,1909,1398,324,34,174,464,13,19,10,13,24,28,5,7,20,8,8,114,29,41,66,360,1081,994,9,54,21
18,0,0,8,11,24,0,0,0,0,0,2,2,0,0,6,0,0,0,0,0,0,8,1,0,0,0,0,0,0,0,0,0,0,0,23,12,2,0,0,0,25,0,3,54,63,214,93,2,11,29,13,8,6,24,162,788,101,130,14,11,0,0,0
0,0,0,0,0,0,0,0,0,0,2,0,0,0,0,1,0,0,0,0,0,0,0,0,0,0,0,0,0,0,0,0,0,0,0,17,0,0,0,0,0,2,6,0,3,0,16,124,7,28,45,52,35,11,65,0,1,0,0,0,0,0,0,0
0,0,0,0,0,0,0,0,0,0,0,0,0,0,0,0,0,0,0,0,0,0,0,0,0,0,0,0,0,0,0,0,0,0,0,0,0,0,0,0,0,0,0,0,0,0,0,0,0,68,21,2,7,0,0,0,0,1,1,0,0,0,0,0
0,0,0,0,0,0,0,0,0,0,0,0,0,0,0,2,0,0,0,0,0,0,0,0,0,0,0,0,0,0,0,0,0,0,0,0,0,0,1,0,0,4,1,0,0,0,0,0,30,43,13,0,0,0,0,0,0,0,0,0,0,0,0,0
0,0,0,0,0,0,0,0,0,0,0,0,0,0,0,2,0,0,19,80,25,0,0,0,0,0,0,0,0,0,0,0,0,0,0,0,0,0,0,0,10,2,2,0,0,0,0,0,2,2,0,0,0,0,0,0,0,0,0,0,0,0,0,0
