7,1,0,0,0,3,0,0,0,0,0,0,0,0,0,0,1,0,0,0,1,0,1,0,0,1,0,0,0,0,0,0,0,0,0,0,0,0,0,0,0,0,0,0,0,0,0,0,1,0,0,0,0,0,0,0,0,0,1,0,0,1,1,1
0,0,0,0,0,0,0,0,0,0,0,0,0,0,0,0,0,0,0,0,0,0,0,0,0,0,1,0,0,0,0,0,0,0,0,0,0,0,0,0,0,0,0,0,0,0,0,0,0,0,0,0,0,0,0,0,0,0,0,0,0,1,0,0
0,0,1,1,0,0,0,0,0,0,0,0,0,0,0,0,0,0,0,0,0,0,0,1,1,5,0,0,0,0,0,0,0,0,0,0,0,0,0,0,0,0,0,0,0,0,0,0,0,0,0,0,0,0,0,0,0,0,0,0,25,30,0,0
0,0,0,5,9,5,13,17,0,0,0,0,3,2,0,0,0,0,0,0,0,0,0,0,0,3,12,2,0,0,0,0,0,0,0,0,0,0,0,0,0,0,0,0,0,0,0,0,0,0,0,0,0,0,0,0,0,0,0,0,69,31,3,0
0,0,0,0,0,0,0,6,5,2,2,4,7,97,0,4,1,3,9,5,1,9,0,0,0,0,0,0,1,0,0,0,0,0,0,0,0,0,0,0,0,0,0,0,0,0,0,0,0,0,0,0,0,0,0,0,0,0,0,0,1,53,28,0
0,0,0,0,0,0,0,0,0,0,0,0,0,0,3,0,0,0,17,9,0,2,0,0,0,0,0,0,0,3,1,0,1,2,23,3,3,0,45,2,0,0,0,0,27,26,0,0,0,0,0,0,0,0,0,0,0,0,0,0,10,41,68,0
15,0,0,0,0,0,0,0,0,0,0,0,0,0,0,0,0,0,0,218,150,2,0,0,0,0,0,0,0,0,0,0,0,0,0,0,0,4,8,162,68,1,243,242,1,1939,0,0,0,0,0,0,0,0,1,0,0,4,9,2,15,1,0,0
0,0,0,0,0,0,0,0,0,0,0,0,0,0,0,0,0,0,0,12,751,159,0,0,0,0,0,0,0,0,0,0,0,0,0,0,0,0,0,0,6,17,34,0,0,0,0,0,3,5,2,212,3,5,3,8,5,77,0,0,10,5,0,0
0,0,0,0,0,0,0,0,0,0,0,0,0,0,0,0,0,0,0,0,211,741,41,0,0,0,0,0,0,0,0,0,0,0,0,0,0,0,0,0,0,0,0,0,0,0,0,0,0,0,0,0,0,0,0,0,0,0,0,0,0,0,0,0
0,0,0,0,0,0,0,0,0,0,0,0,0,0,0,0,0,0,0,0,0,0,47,169,39,0,0,1,0,0,0,0,0,0,0,0,0,0,0,0,0,0,0,0,0,0,0,0,0,0,0,0,0,0,0,0,0,0,0,0,0,0,0,0
0,0,0,0,0,0,0,0,0,0,0,0,0,0,0,0,0,0,0,3,0,0,0,0,0,0,1,9,0,0,0,0,0,0,0,0,0,0,0,0,0,0,0,0,0,0,0,0,0,0,0,0,0,0,0,0,0,0,0,0,0,0,0,0
0,0,0,0,0,0,0,0,0,0,0,0,0,0,0,0,0,0,132,1485,162,0,0,0,0,41,0,0,0,0,0,0,0,0,0,0,0,0,0,0,0,0,0,0,0,0,0,0,0,0,0,0,0,0,0,0,0,0,0,0,78,0,0,0
0,0,0,0,0,0,0,0,0,0,0,0,0,0,0,0,0,0,2280,456,0,554,0,0,0,0,0,0,0,0,0,0,0,0,0,0,0,0,0,0,0,0,0,0,1,2,0,0,0,0,0,0,0,0,0,0,0,0,0,0,0,0,42,0
0,0,0,0,0,0,0,0,0,0,0,0,0,0,0,0,0,0,1524,69,1,7,0,0,0,0,0,0,0,0,0,0,0,0,0,0,0,0,0,0,0,0,0,0,116,0,0,0,0,0,0,0,0,0,0,0,0,0,0,0,0,136,0,31
0,0,0,0,0,0,0,0,0,0,0,0,0,0,0,0,0,0,896,167,40,0,0,0,0,0,0,0,0,0,0,0,0,0,0,0,0,0,28,0,4,30,0,0,0,0,0,0,0,0,0,0,0,0,0,0,0,0,0,0,0,1095,98,9
357,0,0,0,0,0,0,0,0,0,0,0,0,0,0,0,0,0,922,266,38,0,0,0,0,0,0,0,0,0,0,0,0,0,0,0,0,0,0,0,0,0,0,0,0,0,0,0,0,0,0,0,0,0,0,0,0,14,58,0,0,478,1045,0
0,0,0,0,0,0,0,0,0,0,0,0,0,0,0,0,0,0,114,351,35,0,0,0,0,0,0,0,0,0,0,0,0,0,0,0,0,0,0,0,0,0,0,0,0,0,0,0,0,0,0,0,0,0,0,0,0,1346,3204,0,0,0,662,1368
0,0,0,0,0,0,0,0,0,0,0,0,0,0,0,0,0,0,43,259,447,58,0,0,0,0,0,0,0,0,2,0,0,0,0,0,0,0,0,0,0,0,0,0,0,0,0,0,0,0,0,0,0,0,0,0,0,559,173,0,0,0,48,1491
0,0,0,0,0,0,0,0,0,0,0,0,0,0,0,0,0,0,17,282,120,162,0,0,0,0,0,0,0,3,0,0,0,0,0,0,0,0,0,0,0,0,0,0,0,0,0,0,0,0,0,0,0,0,0,0,132,885,301,0,0,0,354,1068
0,0,0,0,0,0,0,0,0,0,0,0,0,0,0,0,0,2,0,303,101,473,201,0,0,0,0,0,0,0,0,0,0,0,0,368,174,3,0,0,0,0,0,0,0,0,0,0,0,0,0,0,373,583,13,20,655,65,821,28,0,0,529,0
4,0,0,0,0,0,0,0,0,0,0,0,0,0,0,0,0,0,0,84,116,452,317,11,0,0,0,0,0,0,0,0,0,0,0,161,174,147,0,0,0,0,0,0,0,0,0,0,0,0,0,0,1297,63,6,65,38,29,65,269,12,0,0,0
8,0,0,0,0,0,1,0,0,0,0,0,0,0,0,0,0,0,0,53,76,297,621,175,0,0,0,0,0,0,0,0,0,0,4,79,199,954,0,0,0,0,0,0,0,0,0,0,0,0,0,0,47,4,3,6,87,38,37,521,0,6,0,0
0,0,0,0,0,0,0,0,8,0,0,0,2,1,0,0,0,1,0,22,121,534,870,970,0,0,0,0,0,0,0,0,0,0,13,64,164,503,17,26,96,0,0,0,0,0,0,0,0,0,0,0,80,14,5,4,21,26,77,350,0,0,0,0
2,0,0,0,0,2,0,7,11,3,0,0,0,0,0,0,0,0,0,40,224,458,633,1435,614,0,0,0,0,0,0,0,0,0,72,97,57,114,145,176,483,0,0,0,0,0,0,0,0,0,0,0,133,10,2,19,14,73,222,18,0,187,1,0
29,1,0,6,0,0,16,35,0,0,0,0,0,0,0,0,0,0,0,15,167,125,213,568,745,0,4,0,0,0,0,0,0,0,33,16,51,143,129,327,785,55,42,11,0,0,0,0,0,0,0,0,150,13,6,0,32,21,296,3,14,566,1,0
77,30,10,7,0,27,168,31,0,0,0,0,0,0,0,0,0,0,0,111,469,112,33,111,207,9,0,0,0,0,0,0,0,0,63,37,223,112,242,180,1126,0,0,0,0,0,0,0,0,0,0,0,0,17,13,4,31,147,56,0,9,12,5,179
26,16,0,0,0,326,330,2,0,0,0,0,0,0,0,0,0,0,57,358,866,343,79,903,280,63,0,0,0,0,2,0,0,0,55,8,46,207,218,282,880,0,5,0,0,0,0,0,0,0,0,0,0,56,191,16,45,263,0,0,0,81,0,64
5,65,2,7,0,0,0,0,0,0,0,0,0,0,0,0,0,0,379,666,189,70,77,99,95,166,0,0,0,0,0,0,0,0,150,16,99,49,47,54,410,0,0,0,0,0,0,0,0,21,0,0,0,1,25,130,142,70,0,0,0,6,3,4
0,26,2,37,0,8,0,23,0,0,0,0,0,0,0,0,0,0,483,90,72,278,142,63,26,283,0,0,0,0,0,0,0,0,113,10,52,34,41,112,8,5,0,0,0,0,0,0,0,0,0,0,32,186,92,25,0,98,121,38,96,48,0,10
0,4,0,0,0,0,0,0,0,0,0,0,0,0,0,0,0,28,267,52,94,136,72,17,22,447,0,0,0,0,0,0,0,0,56,15,35,26,345,48,0,0,0,0,6,0,0,0,0,0,468,791,488,338,103,63,25,137,96,97,197,0,0,19
0,8,0,0,0,0,0,0,0,0,0,0,0,0,0,0,0,202,206,78,107,125,50,54,63,258,2,0,0,0,0,0,0,0,216,21,55,35,95,61,0,21,0,0,10,0,0,0,0,0,280,61,67,407,38,101,82,186,136,48,18,0,0,8
0,2,0,0,0,0,0,0,0,0,0,0,0,0,0,8,5,425,212,42,42,324,236,891,201,14,0,0,0,0,0,0,0,88,29,63,183,844,165,192,0,0,0,0,0,0,0,0,0,123,159,97,100,149,112,386,97,44,53,27,0,0,0,36
0,0,0,0,0,0,0,0,0,0,0,0,0,0,0,63,2,139,329,91,25,48,254,730,0,0,4,0,0,0,0,0,0,181,18,57,28,93,185,64,0,0,0,0,14,50,0,0,0,124,420,110,48,151,219,241,5,0,0,7,0,0,28,1
0,0,0,10,63,0,0,0,0,0,0,0,0,0,0,0,0,5,968,87,57,48,118,18,0,0,0,0,0,0,0,0,0,81,386,26,35,88,45,39,50,0,0,0,75,85,0,0,0,399,326,45,109,2,66,1,0,0,0,7,0,0,19,0
0,0,0,11,0,0,0,0,0,0,0,0,0,0,0,0,0,0,868,279,35,328,287,0,0,0,0,0,0,2,351,118,190,472,56,94,21,378,28,16,9,0,0,0,66,67,125,0,29,585,113,1,226,160,114,2,0,0,0,10,38,8,92,0
0,0,0,0,0,0,0,0,0,0,0,0,0,0,0,0,7,1016,1111,611,71,525,0,0,0,0,0,0,0,572,436,37,138,97,83,73,60,398,115,47,16,1,0,0,6,258,307,0,17,669,140,0,56,286,679,125,21,10,21,60,7,66,116,0
0,0,0,0,0,0,0,0,0,0,0,0,0,0,0,0,260,182,734,247,227,119,0,0,0,0,0,0,0,999,60,110,48,170,80,24,30,47,145,71,90,164,0,0,4,313,190,0,36,962,4004,251,5,2764,1356,0,13,1,0,0,35,42,53,0
0,0,0,0,0,0,0,0,0,0,0,0,0,0,0,84,344,100,0,60,0,453,0,0,0,0,0,0,84,494,114,364,72,70,230,26,24,8,77,160,33,34,0,0,1,1123,343,0,55,1024,561,235,0,1334,224,0,0,13,0,0,0,0,7,0
0,2,0,0,0,0,0,0,0,0,0,0,0,0,51,202,536,47,0,1,23,982,0,0,0,0,0,15,0,227,59,577,48,11,0,8,5,6,38,144,5,31,2,0,0,853,357,0,127,701,4696,208,0,1570,0,0,0,4,0,0,0,0,0,0
0,0,0,0,83,0,0,0,0,0,0,0,1,110,360,264,399,33,362,731,556,3,0,0,0,0,0,0,0,90,0,0,20,0,0,5,0,5,70,23,0,5,17,0,165,1143,338,105,407,1524,777,124,0,129,0,0,0,7,0,0,0,1,0,0
0,0,0,269,66,0,0,0,0,0,0,0,0,277,162,80,1386,707,387,29,0,0,0,0,0,0,0,0,19,17,0,0,0,0,1,2,0,2,62,6,0,0,118,0,456,723,582,2414,531,230,445,836,1089,177,0,0,3,1,0,0,0,0,0,0
0,0,0,0,0,0,0,0,0,0,0,0,352,135,185,0,0,1660,1984,0,0,0,0,0,0,0,0,0,0,3,0,0,0,1,1,3,0,19,25,1,5,511,105,139,735,502,445,724,284,306,459,379,1089,1459,1087,19,0,78,0,12,0,0,0,0
7,1,0,0,0,0,0,0,0,0,0,51,240,21,1337,0,0,7432,780,0,0,0,0,0,0,0,0,0,6,30,0,0,1,1,1,0,0,13,40,0,53,182,133,109,104,224,314,1157,261,272,360,369,353,529,2126,43,0,717,0,0,0,0,0,0
93,0,0,0,0,0,0,0,0,0,10,66,47,30,1190,5828,10625,8269,0,0,0,0,0,0,0,0,0,0,15,92,229,8,0,3,0,13,11,72,53,0,234,58,2,10,49,953,372,166,112,253,527,357,1245,1270,469,1259,29,0,0,0,0,0,0,0
0,0,0,0,0,0,0,0,0,0,27,491,3227,131,875,7913,4873,14961,0,0,33,0,0,0,0,0,0,0,37,43,203,131,1,7,36,34,21,145,831,51,51,18,2,11,83,271,72,32,89,87,268,435,822,2733,1850,13407,92,0,0,0,0,0,0,0
0,0,0,0,0,0,0,0,0,0,3142,2455,5824,271,26741,2013,8690,29936,12211,0,0,0,0,0,0,0,0,0,0,0,55,230,24,223,14,0,108,97,234,55,94,27,7,5,253,166,26,55,103,48,132,246,195,320,1876,20534,19896,122,0,0,0,0,0,0
0,0,0,0,0,0,0,0,0,0,8089,792,4315,3667,7209,882,831,9852,9386,0,0,0,0,0,0,0,2,35,0,0,838,1082,96,194,352,96,718,446,318,420,133,45,56,31,215,82,22,14,20,41,71,124,181,182,1157,713,10136,1822,0,0,0,0,0,0
0,0,0,0,0,0,0,0,0,628,7389,17,3436,4407,1177,9597,5052,3419,10818,221,0,0,0,0,0,0,7,1,0,0,1273,1126,243,420,273,1218,597,681,474,837,531,16,26,144,494,127,21,18,32,38,24,97,308,327,989,20,2389,4067,0,0,0,0,0,0
0,0,0,0,0,0,0,0,0,397,3859,111,710,2091,889,10037,6161,9549,3480,20250,900,8,0,0,0,0,0,0,0,0,748,1899,8433,1058,1370,743,1556,125,72,1250,367,14,26,2,218,634,59,95,8,1,2,3,42,103,372,549,1863,4186,210,0,0,0,0,0
0,0,0,0,0,0,0,0,0,222,1186,441,858,245,12455,23051,12005,26471,23607,6229,11152,2621,0,0,0,0,0,0,0,0,0,6986,17391,5941,3514,1353,1175,1050,2097,2278,282,9,16,15,5,67,58,26,10,15,8,3,6,95,302,205,38,1716,104,0,0,0,0,0
0,0,0,0,0,0,0,0,0,1670,3546,5179,2698,2171,28378,18321,10045,23564,22258,16998,6924,55902,70510,0,0,0,0,0,0,0,0,23337,16206,12845,13124,2638,2128,2233,2307,1458,269,23,13,14,9,6,25,109,40,31,48,33,15,136,104,254,449,215,1,43,0,0,0,0
85,0,0,0,0,0,0,0,0,8108,5083,1001,6407,8519,21203,3816,354,328,3789,4284,6633,27678,12641,0,0,0,0,0,0,0,322,7106,25041,18396,17974,6489,3376,3064,2667,1495,640,266,287,65,153,91,405,770,64,57,180,74,121,124,335,176,1358,233,0,260,7,0,0,24
60,69,333,17,0,0,0,0,4758,7524,7777,8086,6616,8473,1931,565,287,561,269,6179,82368,42510,3777,0,0,0,0,0,0,0,2682,10197,27119,34125,12036,6583,3542,2461,2308,1946,1927,1094,592,257,477,223,1076,812,386,285,502,72,198,52,69,64,1076,689,0,104,198,0,30,14
0,0,481,719,922,0,0,143,3582,4732,10274,789,1189,1060,12258,5444,165,697,135,563,53858,23759,0,0,0,0,0,0,0,0,1653,3101,0,10337,6123,1133,4038,3733,6074,4266,1916,1400,2236,1772,1161,946,834,849,341,196,86,71,78,34,85,35,195,0,0,28,151,60,0,0
0,1,11,474,4317,196,1,1170,1670,3044,6676,1707,922,647,464,20321,0,115,476,268,14133,270,0,0,4,0,0,0,0,0,1902,2597,958,15575,7882,5832,3803,2594,1844,1667,1358,1251,1886,981,506,228,299,42,81,37,21,34,17,10,129,87,29,56,119,234,36,87,0,0
0,6,1071,117,35,1050,998,7216,4216,4133,7889,14717,1256,15,814,697,0,48,476,368,3023,0,0,1316,383,0,0,0,0,0,13,331,2950,20376,16041,5585,7375,5718,2273,1012,595,314,446,1095,2191,2885,95,41,52,48,61,86,194,8,54,438,94,356,60,38,118,214,33,18
4,103,715,69,0,438,258,1211,25,16,1206,4810,2245,22,128,680,108,109,656,927,386,0,1181,263,275,0,0,45,935,96,0,0,3,6358,2111,3972,3100,6713,5028,3129,283,164,322,594,225,664,29,65,34,82,21,24,60,280,161,157,20,103,47,28,31,113,85,138
571,298,77,1704,584,20,16,639,892,25,9,7,39,11,214,77,280,60,407,2117,707,6,982,76,14,68,8,204,724,334,0,0,0,11,4822,2121,2043,6523,2921,1132,484,1550,1749,677,200,463,91,463,132,70,104,41,17,114,35,63,58,28,255,21,25,34,45,268
233,0,22,148,15,55,58,228,1312,311,25,156,649,18968,1672,173,76,303,283,84,69,0,681,44,0,0,2,1,0,0,0,0,0,0,1706,3931,2778,6575,2748,312,1224,1473,327,173,590,76,166,682,115,73,43,19,15,18,237,19,55,222,58,1695,2959,67,85,38
166,0,0,6,98,66,0,0,0,32,21,118,98,164,192,36,76,31,27,17,0,15,294,1,0,0,0,11,15,0,3,0,0,0,0,4,431,151,0,0,0,217,60,16,127,246,644,2401,114,467,304,32,50,35,360,101,402,48,238,61,6,0,0,11
0,0,0,0,0,0,0,0,0,75,23,21,16,163,173,123,56,13,0,0,0,113,88,0,0,0,0,1,4,0,0,0,0,0,0,2,0,0,0,0,0,56,40,4,54,35,48,278,49,143,331,128,165,118,289,4,25,54,34,0,0,0,0,0
0,0,0,0,0,0,0,0,0,0,50,31,41,47,43,36,64,29,5,88,28,16,0,0,0,0,0,0,41,0,0,0,0,0,5,3,0,0,0,0,0,0,7,22,9,0,1,61,87,217,98,59,40,0,0,0,8,34,12,8,1,0,0,0
0,0,0,0,0,0,0,0,0,0,0,6,6,3,14,69,8,4,32,26,2,3,0,0,0,0,0,7,6,1,0,0,0,0,9,60,9,1,0,1,137,54,37,3,0,19,1,0,178,322,145,0,0,0,0,0,0,0,0,0,0,0,0,0
0,0,0,0,0,0,0,0,0,0,0,0,0,0,0,7,1,7,176,634,264,7,1,7,8,3,4,5,3,1,0,0,0,0,0,0,0,0,0,0,6,30,88,4,0,0,0,0,67,19,0,0,0,0,0,0,0,0,0,0,0,0,0,0
