0,0,0,0,0,0,0,0,0,0,0,0,0,0,0,0,0,0,0,2,2,0,0,0,0,0,0,0,0,0,0,0,0,0,0,0,0,0,0,0,0,0,0,0,0,0,0,0,0,0,0,0,0,0,0,0,0,0,0,0,0,0,0,0
1,0,0,1,0,1,0,0,0,0,1,0,0,0,0,0,0,0,1,0,0,0,0,0,0,0,0,0,0,0,0,0,0,0,0,0,0,0,0,0,0,0,0,0,0,0,0,0,0,0,0,0,0,0,0,0,0,0,0,0,0,1,0,0
1,0,0,0,0,0,0,0,0,0,0,0,0,0,0,0,0,0,0,0,0,0,1,0,1,0,0,0,0,0,0,0,0,0,0,0,0,0,0,0,0,0,0,0,0,0,0,0,0,0,0,0,0,0,0,0,0,0,0,0,0,0,0,1
1,0,0,0,0,0,0,0,0,0,0,0,0,0,0,0,0,0,0,0,0,0,0,0,0,0,1,0,0,0,0,0,0,0,0,0,0,0,0,0,0,0,0,0,0,0,0,0,0,0,0,0,0,0,0,0,0,0,0,2,27,0,0,0
0,0,1,2,3,4,8,0,0,0,0,0,0,0,0,0,0,0,0,0,0,0,0,0,0,6,6,0,0,0,0,0,0,0,0,0,0,0,0,0,0,0,0,0,0,0,0,0,0,0,0,0,0,0,0,0,0,0,0,0,73,94,6,0
0,0,0,0,0,2,4,13,5,1,2,12,9,83,0,0,0,0,0,0,0,1,0,0,0,0,1,4,1,0,0,0,0,0,0,0,0,0,0,0,0,0,0,0,0,0,0,0,0,0,0,0,0,0,0,0,0,0,0,0,15,61,0,0
0,0,0,0,0,0,0,0,0,5,0,0,0,11,3,4,3,6,11,3,0,3,0,0,0,0,0,0,0,3,1,0,0,0,0,0,0,0,0,0,0,0,0,0,14,0,0,0,0,0,0,0,0,0,0,0,0,0,0,0,5,25,139,0
0,0,0,0,0,0,0,0,0,0,0,0,0,0,0,0,0,0,7,49,17,2,0,0,0,0,0,0,0,0,4,4,2,3,29,3,4,9,42,116,0,0,0,0,19,1945,0,0,0,0,0,0,0,0,0,0,0,0,4,7,21,29,0,0
10,0,0,0,0,0,0,0,0,0,0,0,0,0,0,0,0,0,0,238,371,4,0,0,0,0,0,0,0,0,0,0,0,0,0,0,0,0,0,42,108,22,219,217,2,0,1,3,8,2,3,205,4,5,5,11,4,67,3,0,10,10,0,0
0,0,0,0,0,0,0,0,0,0,0,0,0,0,0,0,0,0,0,0,661,648,39,0,0,0,0,0,0,0,0,0,0,0,0,0,0,0,0,0,0,0,0,0,0,0,0,0,0,0,2,0,0,0,0,0,0,0,0,0,0,0,0,0
0,0,0,0,0,0,0,0,0,0,0,0,0,0,0,0,0,0,0,0,0,251,49,169,41,0,0,0,0,0,0,0,0,0,0,0,0,0,0,0,0,0,0,0,0,0,0,0,0,0,0,0,0,0,0,0,0,0,0,0,0,0,0,0
0,0,0,0,0,0,0,0,0,0,0,0,0,0,0,0,0,0,0,0,0,0,0,0,0,0,0,0,0,0,0,0,0,0,0,0,0,0,0,0,0,0,0,0,0,0,0,0,0,0,0,0,0,0,0,0,0,0,0,0,0,0,0,0
0,0,0,0,0,0,0,0,0,0,0,0,0,0,0,0,0,0,0,624,125,0,0,0,0,1,0,2,0,0,0,0,0,0,0,0,0,0,0,0,0,0,0,0,0,0,0,0,0,0,0,0,0,0,0,0,0,0,0,0,3,0,0,0
0,0,0,0,0,0,0,0,0,0,0,0,0,0,0,0,0,0,1624,1243,10,73,0,0,2,40,0,0,0,0,0,0,1,0,0,0,0,0,0,0,0,0,0,0,0,12,0,0,0,0,0,0,0,0,0,0,0,0,0,0,78,0,72,0
0,0,0,0,0,0,0,0,0,0,0,0,0,0,0,0,0,0,1967,151,0,466,0,0,0,0,0,0,0,0,0,0,0,0,0,0,0,0,0,0,0,0,0,0,52,0,0,0,0,0,0,0,0,0,0,0,0,0,0,0,0,143,0,8
0,0,0,0,0,0,0,0,0,0,0,0,0,0,0,0,0,0,1164,147,20,0,0,0,0,0,0,0,0,0,0,0,0,0,0,0,0,0,12,0,0,0,0,0,54,0,0,0,0,0,0,0,0,0,0,0,0,0,0,0,0,477,7,7
189,0,0,0,0,0,0,0,0,0,0,0,0,0,0,0,0,0,990,184,33,0,0,0,0,0,0,0,0,0,0,0,0,0,0,0,0,0,0,0,17,34,0,0,0,0,0,0,0,0,0,0,0,0,0,0,0,0,0,0,0,1034,922,0
133,0,0,0,0,0,0,0,0,0,0,0,0,0,0,0,0,0,116,266,18,0,0,0,0,0,0,0,0,0,0,0,0,0,0,0,0,0,0,0,0,0,0,0,0,0,0,0,0,0,0,0,0,0,0,0,0,1300,3412,0,0,0,755,390
0,0,0,0,0,0,0,0,0,0,0,0,0,0,0,0,0,0,68,236,463,33,0,0,0,0,0,0,0,0,0,0,0,0,0,0,0,0,0,0,0,0,0,0,0,0,0,0,0,0,0,0,0,0,0,0,0,456,143,0,0,0,298,2370
0,0,0,0,0,0,0,0,0,0,0,0,0,0,0,0,0,0,31,267,144,200,0,0,0,0,0,0,0,1,0,0,0,0,0,0,0,0,0,0,0,0,0,0,0,0,0,0,0,0,0,0,0,0,0,0,45,1213,307,0,0,0,119,1171
0,0,0,0,0,0,0,0,0,0,0,0,0,0,0,0,0,2,0,332,40,481,139,0,0,0,0,0,0,0,0,0,0,0,0,282,122,0,0,0,0,0,0,0,0,0,0,0,0,0,0,0,407,338,2,17,736,102,835,0,0,0,752,152
0,0,0,0,0,0,0,0,0,0,0,0,0,0,0,0,0,0,0,159,155,504,216,9,0,0,0,0,0,0,0,0,0,0,0,215,181,108,0,0,0,0,0,0,0,0,0,0,0,0,0,0,951,266,3,43,70,30,251,194,5,0,0,0
47,0,0,0,0,0,4,0,0,0,0,0,0,0,0,0,0,0,0,51,52,267,563,160,0,0,0,0,0,0,0,0,0,0,2,62,178,950,0,0,0,0,0,0,0,0,0,0,0,0,0,0,405,11,28,10,65,62,20,281,1,5,0,0
0,0,0,0,0,0,1,0,5,0,0,0,5,0,0,0,0,0,0,23,114,560,818,969,0,0,0,0,0,0,0,0,0,0,4,56,172,595,10,10,84,0,0,0,0,0,0,0,0,0,0,0,82,6,1,2,83,62,92,477,0,0,0,0
1,0,0,0,0,0,0,12,18,1,0,0,0,0,0,0,0,0,0,42,195,463,686,1454,606,0,0,0,0,0,0,0,0,0,76,139,72,111,129,147,493,0,0,0,0,0,0,0,0,0,0,0,97,11,0,32,36,51,215,54,0,124,0,0
38,2,0,4,1,0,11,32,0,0,0,0,0,0,0,0,0,0,0,15,177,125,140,619,715,0,0,0,0,0,0,0,0,0,38,21,58,127,117,348,797,42,60,8,0,0,0,0,0,0,0,0,206,14,4,9,38,22,301,9,7,701,1,0
87,28,4,20,0,40,163,49,0,0,0,0,0,0,0,0,0,0,0,145,668,114,31,122,167,13,0,0,0,0,0,0,0,0,83,28,269,139,204,220,1157,0,0,0,0,0,0,0,0,0,0,0,0,15,16,4,49,151,60,0,8,21,15,273
24,6,0,0,0,282,347,2,0,0,0,0,0,0,0,0,0,0,56,423,1013,391,97,853,243,58,0,0,0,0,1,0,0,0,57,11,47,256,208,304,845,0,9,0,0,0,0,0,0,0,0,0,0,54,173,32,89,235,0,0,0,69,0,47
2,47,2,5,0,0,0,0,0,0,0,0,0,0,0,0,0,0,398,607,215,95,62,161,76,179,0,0,0,0,0,0,0,0,96,8,117,72,56,43,350,0,0,0,0,0,0,0,0,3,0,0,0,2,42,154,72,110,0,4,0,17,0,1
0,25,2,32,0,4,0,8,0,0,0,0,0,0,0,0,0,0,594,58,54,275,124,66,30,348,0,0,0,0,0,0,0,0,100,28,55,35,61,139,0,5,2,0,0,0,0,0,0,0,0,0,165,270,151,3,2,67,100,17,99,40,0,7
0,18,0,0,0,0,0,0,0,0,0,0,0,0,0,0,0,29,249,64,61,83,85,49,10,466,0,0,0,0,0,0,0,0,163,23,54,37,354,46,0,0,0,0,9,0,0,0,0,0,529,912,358,264,74,61,35,191,115,166,128,0,0,40
0,6,0,0,1,0,0,0,0,0,0,0,0,0,0,0,0,180,198,61,61,233,11,41,70,217,4,0,0,0,0,0,0,8,127,36,35,72,143,67,0,53,0,0,13,0,0,0,0,7,125,21,135,403,60,85,156,116,142,82,33,0,0,0
0,0,0,0,0,0,0,0,0,0,0,0,0,0,0,50,6,339,246,41,73,258,283,1304,180,0,0,0,0,0,0,0,0,152,21,65,168,922,198,214,0,0,0,0,5,6,0,0,0,148,94,62,102,119,121,360,93,40,57,5,0,5,1,46
1,0,0,0,58,0,0,0,0,0,0,0,0,0,0,14,0,121,328,70,33,27,159,411,0,0,2,0,0,0,0,0,0,118,12,51,44,106,185,62,7,0,0,0,27,70,0,0,0,110,483,124,54,114,179,138,3,0,0,9,0,0,45,0
0,0,0,15,0,0,0,0,0,0,0,0,0,0,0,0,0,0,1149,145,41,93,177,0,0,0,0,0,0,0,43,7,0,277,343,71,22,113,38,32,46,0,0,0,42,65,0,0,1,473,316,43,216,31,27,1,0,0,0,6,0,2,21,0
0,0,0,9,0,0,0,0,0,0,0,0,0,0,0,0,3,47,705,494,70,304,337,0,0,0,0,0,0,83,389,121,275,305,96,74,27,485,35,22,12,0,0,0,65,55,224,0,42,629,111,0,184,173,348,126,0,9,14,47,65,14,143,0
0,0,0,0,0,0,0,0,0,0,0,0,1,0,0,1,138,1069,1206,351,156,566,0,0,0,0,0,0,0,578,402,87,97,161,50,54,49,371,135,59,27,4,0,0,2,389,220,0,2,656,519,9,31,398,852,4,29,6,3,14,12,63,92,0
0,0,0,0,0,0,0,0,0,0,0,0,0,0,0,0,255,181,468,297,145,111,0,0,0,0,0,0,0,951,70,240,43,142,318,9,48,35,127,172,76,220,0,0,21,530,361,0,59,1214,3696,384,2,2991,1116,0,0,0,0,0,14,39,21,0
0,0,0,0,0,0,0,0,0,0,0,0,0,0,18,138,375,93,0,0,0,525,0,0,0,0,0,4,76,329,121,627,102,44,63,22,16,13,62,138,36,10,0,0,0,1001,234,0,20,943,948,189,0,2601,77,0,0,50,0,0,0,0,2,0
0,0,0,0,0,0,0,0,0,0,0,0,0,48,105,302,677,5,206,181,556,1002,0,0,0,0,0,14,0,222,48,307,22,1,0,18,2,1,44,65,1,34,3,0,42,1086,420,0,157,872,4569,119,0,576,0,0,0,4,0,0,0,0,0,0
0,0,0,0,150,0,0,0,0,0,0,0,13,120,320,218,683,37,374,529,1,0,0,0,0,0,0,0,8,64,0,0,34,6,2,9,0,8,63,14,0,0,99,0,285,1100,507,285,574,1328,579,415,0,15,0,0,1,12,0,0,0,0,0,0
0,0,7,268,0,0,0,0,0,0,0,0,12,286,128,0,692,967,1240,42,0,0,0,0,0,0,0,0,2,5,0,0,0,0,1,1,0,1,40,3,0,3,54,0,691,641,498,2725,544,219,330,636,1948,415,0,0,0,0,0,0,0,0,0,0
0,1,2,0,0,0,0,0,0,0,0,13,428,52,909,0,0,4157,1546,0,0,0,0,0,0,0,0,0,0,1,0,0,0,0,0,0,3,20,22,1,66,665,194,177,452,451,322,533,241,339,460,440,502,1626,2353,68,0,182,0,5,0,0,0,0
92,0,0,0,0,0,0,0,0,0,0,104,170,20,820,1126,1964,12286,392,0,0,0,0,0,0,0,0,0,33,154,32,1,7,0,7,4,2,40,71,0,24,90,10,55,91,566,473,889,219,256,293,259,646,539,1206,463,0,634,0,0,0,0,0,0
0,0,0,0,0,0,0,0,0,0,0,67,1210,108,1081,12901,12315,3244,0,0,0,0,0,0,0,0,0,0,0,18,289,44,3,2,7,14,18,232,167,4,289,23,4,9,84,613,197,44,138,135,612,392,1414,1755,49,4026,37,0,0,0,0,0,0,0
0,0,0,0,0,0,0,0,0,0,542,1577,5728,74,1677,599,7567,26996,3942,0,31,0,0,0,0,0,0,0,43,32,122,145,12,75,36,23,5,31,805,82,43,6,1,15,234,241,34,90,98,77,177,371,403,2355,3034,26320,7879,0,0,0,0,0,0,0
0,0,0,0,0,0,0,0,0,0,8805,2045,4137,1921,33199,2067,3286,26205,16476,0,0,0,0,0,0,0,0,0,0,0,650,1018,115,336,120,27,606,335,287,154,102,95,34,19,141,101,44,31,43,43,99,124,204,185,1155,6217,20210,528,0,0,0,0,0,0
0,0,0,0,0,0,0,0,0,149,6286,151,5748,5375,646,3160,3762,2247,6888,0,0,0,0,0,0,0,15,17,0,0,925,1243,167,150,351,813,572,474,374,754,409,17,44,68,251,101,5,22,7,52,31,86,363,237,1548,5,4584,4435,0,0,0,0,0,0
0,0,0,0,0,0,0,0,0,953,7734,34,1064,3122,1358,14503,7054,5589,7758,17421,0,0,0,0,0,0,0,0,0,0,1051,1218,4077,571,739,976,1565,477,305,922,612,0,33,140,625,366,64,37,15,21,0,67,99,273,387,213,2590,2660,0,0,0,0,0,0
0,0,0,0,0,0,0,0,0,114,842,382,909,279,8146,19004,3836,16395,16569,6580,8264,984,0,0,0,0,0,0,0,0,300,2980,12708,4021,2758,1086,1291,573,1583,2467,130,9,4,6,24,363,46,86,5,23,5,1,12,65,459,531,441,4120,299,0,0,0,0,0
0,0,0,0,0,0,0,0,0,554,2450,2193,480,1919,21864,24659,14930,35498,25682,14817,9088,48058,54177,0,0,0,0,0,0,0,0,27262,22279,11254,8537,2743,1448,1690,1519,1377,377,12,28,9,4,23,31,51,18,34,28,21,11,90,141,191,111,169,22,10,0,0,0,0
0,0,0,0,0,0,0,0,0,7863,6839,3949,9059,3803,30262,7325,4591,3951,8944,10698,7226,27208,22546,13,0,0,0,0,0,0,292,5724,16656,16180,21576,4654,3434,3480,2894,1605,298,46,112,42,95,49,217,472,87,38,100,68,97,105,216,230,823,257,0,254,0,0,0,0
159,74,173,0,0,0,0,0,2626,7143,4155,7988,4015,11100,5586,55,126,433,574,3913,57683,40311,9995,0,0,0,0,0,0,0,1751,11900,41834,38446,12265,6558,3438,2626,2706,1728,2053,1041,448,162,414,110,890,783,255,135,651,112,153,56,128,47,1741,711,0,116,240,0,20,26
0,0,727,648,41,0,0,0,5038,6322,12537,1434,3997,3710,11930,1322,309,630,368,2227,70797,34147,0,0,0,0,0,0,0,0,1931,4612,0,13841,8250,3827,3992,3409,6343,4250,1929,1305,1764,1198,1268,1118,1216,987,397,304,96,77,132,14,70,97,488,46,0,80,131,83,0,0
0,5,0,516,5227,11,0,925,1616,1440,5630,99,68,619,1581,24886,40,398,272,242,20640,1618,0,0,0,0,0,0,0,0,2726,3418,417,12681,7727,3174,5003,2344,2305,2326,1624,1607,2278,1704,427,366,266,255,78,49,52,50,22,24,138,79,27,21,47,113,83,103,0,0
0,2,1028,107,82,1084,529,6281,4444,6038,9650,14925,1491,428,999,377,0,26,606,292,5088,0,0,1120,342,0,0,0,0,0,5,364,3438,21862,14084,8637,6806,5549,2242,748,513,657,754,923,2238,1809,118,74,36,41,45,35,194,18,61,238,75,331,130,192,168,180,81,3
0,57,730,41,7,446,643,2324,897,295,3443,6847,2501,44,127,1081,94,117,755,1079,523,0,984,500,320,0,0,8,378,42,15,0,244,9791,5028,3815,3860,6934,4941,2711,357,212,369,946,378,1662,27,50,30,46,29,22,120,193,141,478,28,166,31,7,81,107,60,95
608,337,134,1773,576,84,7,639,220,15,3,5,484,3,81,11,330,77,424,2019,796,5,1182,98,26,65,0,223,1249,439,0,0,0,757,4945,2266,2442,6900,3467,1591,520,1061,1314,418,208,519,72,251,126,80,94,43,29,244,22,68,82,42,268,13,24,82,72,327
274,0,37,100,7,19,32,337,2175,259,32,153,693,18785,1827,223,50,263,296,137,83,0,730,38,0,0,1,1,0,0,0,0,0,0,2118,4268,2909,6727,3206,469,1213,2443,493,431,564,77,32,461,163,94,39,39,18,43,272,36,18,266,26,1649,3039,47,114,36
176,0,0,20,108,107,11,0,20,76,10,128,95,106,138,18,50,28,39,30,0,3,157,0,0,0,0,11,12,0,1,0,0,0,0,94,556,330,0,0,0,236,132,36,298,262,788,2753,119,473,276,40,18,4,288,93,358,71,242,120,9,0,1,18
0,0,0,0,0,0,0,0,0,76,14,29,22,215,293,98,62,26,5,0,0,121,185,0,0,0,0,4,2,0,0,0,0,0,0,1,0,0,0,0,0,90,39,1,83,17,31,373,78,88,356,115,173,134,364,15,8,31,29,0,0,0,0,0
0,0,0,0,0,0,0,0,0,0,27,37,22,32,54,48,73,24,3,88,29,18,0,0,0,0,0,0,39,0,0,0,0,0,1,1,8,0,0,0,0,0,10,29,14,0,1,56,89,179,43,67,18,0,0,0,6,37,9,4,0,0,0,0
0,0,0,0,0,0,0,0,0,0,0,7,6,13,24,54,22,7,28,25,6,3,0,0,0,0,0,5,25,0,0,0,0,2,30,29,10,6,1,1,132,35,28,1,0,15,1,0,204,355,202,9,0,0,0,0,0,0,0,0,0,0,0,0
0,0,0,0,0,0,0,0,0,0,0,0,0,0,0,3,3,19,199,612,288,6,3,5,9,13,6,5,6,1,0,0,0,0,0,0,0,0,0,0,17,17,62,4,0,0,1,0,89,34,0,0,0,0,0,0,0,0,0,0,0,0,0,0
