2,0,1,0,0,0,0,1,0,0,0,0,0,0,0,0,0,0,0,0,0,1,0,0,0,0,0,0,0,0,0,0,0,0,0,0,0,0,0,0,0,0,0,0,0,0,0,0,0,0,0,0,0,0,0,0,0,0,0,0,0,0,0,0
0,0,0,0,0,0,0,0,0,0,0,0,0,0,0,0,0,0,0,0,0,0,0,0,0,0,0,0,0,0,0,0,0,0,0,0,0,0,0,0,0,0,0,0,0,0,0,0,0,0,0,0,0,0,0,0,0,0,0,0,2,1,0,1
0,0,0,0,0,0,0,0,0,0,0,0,0,0,0,0,0,1,0,0,0,0,0,0,0,2,0,0,0,0,0,0,0,0,0,0,0,0,0,0,0,0,0,0,0,0,0,0,0,0,0,0,0,0,0,0,0,0,0,2,17,19,0,0
0,0,0,5,10,5,10,0,0,0,0,0,2,0,0,0,0,0,0,0,0,0,1,0,0,2,11,3,0,0,0,0,0,0,0,0,0,0,0,0,0,0,0,0,0,0,0,0,0,0,0,0,0,0,0,0,0,0,0,0,62,43,2,0
0,0,0,0,0,0,0,14,3,5,4,9,6,100,0,1,4,6,5,5,0,6,0,0,0,0,0,0,1,0,0,0,0,0,0,0,0,0,0,0,0,1,0,0,0,0,0,0,0,0,0,0,0,0,0,0,0,0,0,0,4,66,25,0
0,0,0,0,0,0,0,0,0,0,0,0,0,1,11,1,0,0,12,2,0,3,0,0,0,0,0,0,0,6,3,2,2,5,32,0,3,0,6,0,0,0,0,0,17,2,0,0,0,0,0,0,0,0,0,0,0,0,0,0,7,54,88,0
5,0,0,0,0,0,0,0,0,0,0,0,0,0,0,0,0,0,4,209,121,3,0,0,0,0,0,0,0,0,0,1,1,0,1,0,0,9,33,186,76,0,150,222,4,1941,1,0,0,0,0,0,0,0,0,0,0,1,13,9,18,7,0,0
0,0,0,0,0,0,0,0,0,0,0,0,0,0,0,0,0,0,0,26,705,42,0,0,0,0,0,0,0,0,0,0,0,0,0,0,0,0,0,0,27,25,95,0,0,0,0,0,7,2,4,210,5,5,4,5,5,87,0,0,5,5,0,0
0,0,0,0,0,0,0,0,0,0,0,0,0,0,0,0,0,0,0,0,269,881,42,0,0,0,0,0,0,0,0,0,0,0,0,0,0,0,0,0,0,0,0,0,0,0,0,0,0,0,0,0,0,0,0,0,0,0,0,0,0,0,0,0
0,0,0,0,0,0,0,0,0,0,0,0,0,0,0,0,0,0,0,0,0,11,47,170,50,0,0,2,0,0,0,0,0,0,0,0,0,0,0,0,0,0,0,0,0,0,0,0,0,0,0,0,0,0,0,0,0,0,0,0,0,0,0,0
0,0,0,0,0,0,0,0,0,0,0,0,0,0,0,0,0,0,0,0,0,0,0,0,0,0,0,22,0,0,0,0,0,0,0,0,0,0,0,0,0,0,0,0,0,0,0,0,0,0,0,0,0,0,0,0,0,0,0,0,0,0,0,0
0,0,0,0,0,0,0,0,0,0,0,0,0,0,0,0,0,0,23,1389,126,0,0,0,0,19,0,0,0,0,0,0,0,0,0,0,0,0,0,0,0,0,0,0,0,0,0,0,0,0,0,0,0,0,0,0,0,0,0,0,90,0,0,0
0,0,0,0,0,0,0,0,0,0,0,0,0,0,0,0,0,0,2426,607,0,567,0,0,0,0,0,0,0,0,0,0,0,0,0,0,0,0,0,0,0,0,0,0,2,9,0,0,0,0,0,0,0,0,0,0,0,0,0,0,0,0,23,0
0,0,0,0,0,0,0,0,0,0,0,0,0,0,0,0,0,0,1637,81,0,19,0,0,0,0,0,0,0,0,0,0,0,0,0,0,0,0,0,0,0,0,0,0,70,0,0,0,0,0,0,0,0,0,0,0,0,0,0,0,0,158,0,10
0,0,0,0,0,0,0,0,0,0,0,0,0,0,0,0,0,0,890,177,25,0,0,0,0,0,0,0,0,0,0,0,0,0,0,0,0,0,20,0,1,47,0,0,0,0,0,0,0,0,0,0,0,0,0,0,0,0,0,0,0,890,103,9
348,0,0,0,0,0,0,0,0,0,0,0,0,0,0,0,0,0,966,224,29,0,0,0,0,0,0,0,0,0,0,0,0,0,0,0,0,0,0,0,16,0,0,0,0,0,0,0,0,0,0,0,0,0,0,0,0,5,48,0,0,641,1085,0
0,0,0,0,0,0,0,0,0,0,0,0,0,0,0,0,0,0,98,296,19,0,0,0,0,0,0,0,0,0,0,0,0,0,0,0,0,0,0,0,0,0,0,0,0,0,0,0,0,0,0,0,0,0,0,0,0,1485,3445,0,0,0,707,1295
0,0,0,0,0,0,0,0,0,0,0,0,0,0,0,0,0,0,54,236,506,61,0,0,0,0,0,0,0,0,0,0,0,0,0,0,0,0,0,0,0,0,0,0,0,0,0,0,0,0,0,0,0,0,0,0,0,524,109,0,0,0,97,1555
0,0,0,0,0,0,0,0,0,0,0,0,0,0,0,0,0,0,25,315,118,187,0,0,0,0,0,0,0,0,0,0,0,0,0,0,0,0,0,0,0,0,0,0,0,0,0,0,0,0,0,0,0,0,0,0,88,1013,380,0,0,0,138,1045
0,0,0,0,0,0,0,0,0,0,0,0,0,0,0,0,0,4,0,310,76,462,199,0,0,0,0,0,0,0,0,0,0,0,0,294,161,0,0,0,0,0,0,0,0,0,0,0,0,0,0,0,364,426,0,11,699,82,897,0,0,0,715,29
5,0,0,0,0,0,0,0,0,0,0,0,0,0,0,0,0,0,0,119,108,451,289,11,0,0,0,0,0,0,0,0,0,0,0,149,139,122,0,0,0,0,0,0,0,0,0,0,0,0,0,0,1058,187,7,45,55,26,102,169,10,0,0,0
31,0,0,0,0,0,0,0,0,0,0,0,0,0,0,0,0,0,0,59,65,255,621,197,0,0,0,0,0,0,0,0,0,0,2,59,209,951,0,0,0,0,0,0,0,0,0,0,0,0,0,0,265,9,6,5,72,51,22,400,0,2,0,0
0,0,0,0,0,0,0,0,5,0,0,0,2,0,0,0,0,3,0,16,113,542,727,1166,0,0,0,0,0,0,0,0,0,0,4,63,160,544,16,14,102,0,0,0,0,0,0,0,0,0,0,0,66,11,0,4,45,61,78,425,0,0,0,0
2,0,0,0,0,1,0,7,14,1,0,0,0,0,0,0,0,0,0,34,234,567,672,1454,666,0,0,0,0,0,0,0,0,0,71,123,102,148,117,186,522,0,0,0,0,0,0,0,0,0,0,0,90,4,1,22,35,44,267,38,0,75,2,0
33,1,0,1,0,0,9,34,0,0,0,0,0,0,0,0,0,0,0,12,185,126,219,612,667,0,0,0,0,0,0,0,0,0,55,16,60,116,143,388,770,58,52,19,0,0,0,0,0,0,0,0,213,20,10,4,44,52,287,7,5,679,2,0
90,28,6,17,0,34,151,32,0,0,0,0,0,0,0,0,0,0,0,98,504,132,33,88,235,14,0,0,0,0,0,0,0,0,53,30,312,84,215,208,1139,0,0,0,0,0,0,0,0,0,0,0,0,21,15,1,20,129,64,0,7,30,6,177
24,3,0,0,0,300,398,1,0,0,0,0,0,0,0,0,0,0,54,477,1120,351,77,952,311,45,0,0,0,0,4,0,0,0,82,1,45,238,220,289,901,0,5,0,0,0,0,0,0,0,0,0,0,61,192,22,93,258,0,0,0,83,0,74
21,56,4,5,0,0,8,0,0,0,0,0,0,0,0,0,0,0,445,630,197,68,63,166,102,193,0,0,0,0,0,0,0,0,152,14,117,66,67,45,414,0,0,0,0,0,0,0,0,3,0,0,0,2,56,80,128,94,0,0,2,11,1,6
0,24,0,20,0,6,0,6,0,0,0,0,0,0,0,0,0,0,602,70,74,284,118,45,18,346,0,0,0,0,0,0,0,0,72,36,59,47,43,136,5,6,0,0,0,0,0,0,0,0,1,0,1,201,101,52,15,103,124,30,109,44,1,0
0,6,0,9,0,0,0,2,0,0,0,0,0,0,0,0,0,25,316,47,66,155,86,39,21,431,0,0,0,0,0,0,0,0,71,25,54,36,341,70,0,3,1,0,0,0,0,0,0,0,430,826,504,359,126,47,56,125,44,73,138,0,0,16
1,5,0,0,1,0,0,0,0,0,0,0,0,0,0,0,0,177,173,83,101,149,90,41,78,174,2,0,0,0,0,0,0,2,254,33,41,51,123,47,0,57,0,0,17,0,0,0,0,0,296,71,87,391,28,96,74,144,182,70,25,0,0,4
0,2,0,0,0,0,0,0,0,0,0,0,0,0,0,7,1,346,268,42,80,340,246,1014,225,27,0,0,0,0,0,0,0,72,26,42,195,949,187,204,0,0,0,0,0,0,0,0,0,75,170,155,158,153,148,377,137,46,49,21,0,0,0,31
0,0,0,1,0,0,0,0,0,0,0,0,0,0,0,49,8,130,309,92,28,56,311,735,0,0,1,0,0,0,0,0,0,184,13,83,26,119,201,98,0,0,0,0,20,64,0,0,0,137,495,137,79,146,261,218,5,3,0,9,0,3,49,0
0,0,0,8,74,0,0,0,0,0,0,0,0,0,0,1,0,13,831,102,48,58,97,30,0,0,0,0,0,0,0,0,0,70,389,26,57,88,41,27,38,0,0,0,71,87,0,0,0,369,363,70,149,8,84,0,0,0,0,6,0,0,32,0
0,0,0,12,0,0,0,0,0,0,0,0,0,0,0,0,3,0,851,304,35,312,349,0,0,0,0,0,0,4,334,95,243,477,82,91,27,418,23,36,25,0,0,0,72,81,109,0,31,654,179,1,288,143,88,1,0,0,0,7,31,5,88,0
0,0,0,0,0,0,0,0,0,0,0,0,0,0,0,2,1,1025,1222,636,86,549,0,0,0,0,0,0,0,565,435,45,130,71,87,51,75,482,94,46,29,6,0,0,9,280,304,0,22,685,124,0,40,280,629,165,4,14,22,50,29,74,121,0
0,0,0,0,0,0,0,0,0,0,0,0,7,0,0,0,250,206,827,309,234,147,0,0,0,0,0,0,0,920,63,109,59,197,94,20,29,138,170,92,89,174,0,0,8,298,247,0,30,981,3849,245,2,2986,1451,0,8,0,0,0,21,41,51,0
0,0,0,0,0,0,0,0,0,0,0,0,0,0,0,82,356,117,0,67,0,377,0,0,0,0,0,1,92,545,80,384,67,77,273,19,17,9,69,136,42,53,0,0,4,1033,396,0,46,1045,490,302,0,1142,207,0,0,39,0,0,0,0,2,0
0,4,0,0,0,0,0,0,0,0,0,0,0,0,49,186,621,43,2,0,18,1144,0,0,0,0,0,12,8,185,71,741,75,12,0,11,16,7,28,155,5,20,0,0,0,860,337,0,104,721,4615,218,0,2054,0,0,0,16,0,0,0,0,0,0
0,0,0,0,86,0,0,0,0,0,0,0,3,128,326,291,502,48,324,732,594,2,0,0,0,0,0,0,0,116,0,0,29,0,0,10,0,7,73,30,0,15,19,0,231,1215,313,81,352,1475,1003,132,0,128,0,0,0,21,0,0,0,1,0,0
0,0,0,259,65,0,0,0,0,0,0,0,0,297,149,106,1167,690,452,29,0,0,0,0,0,0,0,0,18,14,0,0,1,0,2,1,0,5,55,8,0,0,109,0,418,693,535,2358,580,296,474,843,1059,218,0,0,0,1,0,0,0,0,0,0
0,0,20,0,0,0,0,0,0,0,0,0,347,118,218,0,0,1693,2085,0,0,0,0,0,0,0,0,0,0,10,0,0,1,0,1,0,0,20,10,1,6,471,110,134,797,502,443,711,300,315,472,475,1239,1368,1095,22,0,56,0,7,0,0,0,0
6,3,0,0,0,0,0,0,0,0,0,53,240,31,1337,0,0,7438,812,0,0,0,0,0,0,0,0,0,10,40,0,0,1,0,4,0,1,14,41,1,70,160,130,127,139,246,404,1111,288,288,344,308,329,547,2011,36,0,714,0,0,0,0,0,0
84,0,0,0,0,0,0,0,0,0,5,74,63,28,1127,5999,10847,8454,0,0,0,0,0,0,0,0,0,0,14,108,195,11,0,9,0,8,11,86,47,0,308,67,4,9,68,956,410,222,91,226,538,424,1134,1253,483,1311,21,0,0,0,0,0,0,0
0,0,0,0,0,0,0,0,0,0,22,505,3273,117,1053,8019,4867,15514,0,0,43,0,0,0,0,0,0,0,26,38,157,119,7,7,59,28,31,162,716,45,48,12,5,14,84,306,125,80,59,80,271,396,908,3238,1799,13566,108,0,0,0,0,0,0,0
0,0,0,0,0,0,0,0,0,0,3168,2462,6067,266,26674,2062,8793,31138,12866,0,0,0,0,0,0,0,0,0,0,0,61,273,27,215,25,0,161,87,265,89,103,28,4,7,188,170,43,33,42,67,137,237,197,402,1993,20663,19942,102,0,0,0,0,0,0
0,0,0,0,0,0,0,0,0,0,8213,811,4497,3694,7248,916,870,10468,9737,0,0,0,0,0,0,0,2,34,0,0,840,1298,105,218,377,98,916,466,365,402,129,67,88,31,221,68,23,20,10,18,107,104,195,182,1147,721,10074,1785,0,0,0,0,0,0
0,0,0,0,0,0,0,0,0,668,7438,22,3511,4374,1063,10187,5214,3456,11184,299,0,0,0,0,0,0,9,13,0,0,1391,1284,248,437,284,1171,540,750,502,846,618,31,14,127,478,96,30,11,20,43,14,132,375,336,1070,19,2323,3964,0,0,0,0,0,0
0,0,0,0,0,0,0,0,0,486,3782,92,641,2126,875,10192,6212,10100,3449,19698,928,31,0,0,0,0,0,0,0,0,723,1953,8564,1125,1424,853,1539,100,57,1378,353,13,22,2,217,730,81,83,2,2,0,6,44,118,432,547,1875,4161,226,0,0,0,0,0
0,0,0,0,0,0,0,0,0,215,1092,485,896,257,12792,23278,12379,26501,23686,6445,10964,2683,1,0,0,0,0,0,0,0,0,6886,18297,5992,3575,1498,1258,1202,1978,2203,369,4,21,18,9,84,41,36,15,13,8,2,4,90,226,225,18,1676,97,0,0,0,0,0
0,0,0,0,0,0,0,0,0,1852,3939,5446,2999,2262,29178,18194,10564,24716,22541,16788,7135,56416,70462,0,0,0,0,0,0,0,0,23962,16547,13715,13676,2869,2076,2280,2546,1511,250,25,30,8,8,9,23,117,27,40,38,47,36,100,85,290,391,212,20,28,0,0,0,0
102,0,0,0,0,0,0,0,0,8243,4985,1059,6507,8986,20495,3938,237,313,3677,4292,7007,27428,12280,1,0,0,0,0,0,0,336,7152,26755,18465,18431,6908,3662,3307,3008,1576,655,228,320,85,162,72,429,779,83,48,227,89,152,93,319,129,1397,244,0,249,10,0,0,19
42,67,403,16,0,0,0,0,5076,7732,8145,8217,6826,8453,2004,510,332,645,282,5992,82583,43820,3588,0,0,0,0,0,0,0,2869,10649,26381,34291,11943,6781,3718,2513,2470,1988,1851,1077,627,292,540,261,1083,835,436,302,459,67,179,25,55,78,1078,741,0,83,234,0,22,15
0,8,555,700,1021,0,0,204,3744,4657,10129,812,1147,968,11686,7354,133,715,201,613,52763,22241,0,0,0,0,0,0,0,0,1783,3106,0,10653,6247,1209,4266,3747,6294,4453,1911,1501,2397,1740,1232,1069,813,692,305,182,109,85,99,44,126,39,196,0,0,32,133,64,0,0
0,0,54,501,4188,246,1,1226,1731,3863,7167,2824,1007,697,507,18391,0,117,542,310,13987,239,0,0,22,0,0,0,0,0,1867,2690,1141,17052,7891,6531,3782,2860,1834,1714,1303,1303,1646,1049,605,197,304,64,73,39,24,30,19,13,141,99,20,64,157,209,61,76,0,0
0,12,1117,85,49,1074,995,7265,4232,3723,8426,14924,1162,20,824,787,0,56,434,413,2782,0,0,1422,374,0,0,0,0,0,5,356,2929,22196,17079,5566,7650,5383,2076,981,766,415,433,1121,2163,2954,97,64,60,42,21,50,238,8,67,501,96,412,68,35,130,288,75,11
7,103,775,66,4,449,207,1334,2,32,1061,4318,2352,37,157,676,105,133,719,921,449,0,1262,269,338,0,0,77,855,124,0,0,0,6199,2111,4308,3061,6737,5345,2868,251,246,306,484,192,649,16,31,15,60,33,20,92,333,188,155,38,127,29,28,45,49,60,143
647,276,67,1942,552,14,21,709,1085,42,16,30,88,104,504,86,337,55,394,2169,779,5,1032,91,4,74,6,197,653,322,0,0,0,16,5075,2075,2131,6513,2816,1111,592,1754,1506,689,249,464,95,401,146,71,87,51,18,132,32,52,53,112,224,16,70,39,35,261
227,0,20,129,14,101,66,275,1338,295,39,175,626,18976,1446,187,76,293,299,73,74,0,710,49,0,0,2,4,0,0,0,0,0,0,1701,4033,2985,6440,2617,285,1202,1464,322,193,645,35,235,836,157,119,21,17,19,22,265,40,20,214,27,1782,3248,72,78,26
157,0,0,5,94,31,0,0,0,28,19,113,69,183,329,61,46,20,48,12,0,23,307,0,0,0,0,27,9,0,4,0,0,0,0,3,430,111,0,0,0,248,52,14,84,220,646,2233,124,459,350,23,68,42,473,70,398,55,185,57,7,0,0,12
0,0,0,0,0,0,0,0,0,74,23,23,32,142,171,109,74,15,1,0,0,111,77,0,0,0,0,4,10,0,0,0,0,0,0,1,0,0,0,0,0,74,44,4,46,30,26,242,94,97,310,132,141,100,282,0,18,65,23,1,0,0,0,0
0,0,0,0,0,0,0,0,0,0,23,41,28,41,49,27,75,27,7,99,27,15,0,0,0,0,0,0,40,0,0,0,0,0,3,6,1,0,0,0,0,0,14,13,9,0,0,57,86,204,103,65,47,0,0,0,11,20,17,6,2,0,0,0
0,0,0,0,0,0,0,0,0,0,0,0,10,16,11,51,16,16,45,23,13,1,0,0,0,0,0,3,23,3,0,0,0,1,4,27,6,12,1,0,122,54,60,2,0,17,0,0,250,338,96,0,0,0,0,0,0,0,0,0,0,0,0,0
0,0,0,0,0,0,0,0,0,0,0,0,0,0,0,3,7,16,179,573,292,10,2,5,5,9,9,3,2,0,0,0,0,0,0,0,0,0,0,0,11,13,68,0,0,0,0,0,53,19,0,0,0,0,0,0,0,0,0,0,0,0,0,0
